40
0,1034 0
71,114 90
842,873 24
468,499 51
479,494 2
283,308 84
419,442 26
582,632 42
526,562 6
554,582 92
373,407 37
627,647 33
242,285 38
0,37 21
299,354 42
489,542 87
42,67 67
134,174 15
691,721 17
410,431 16
260,300 39
236,249 10
342,385 18
651,696 2
379,419 81
483,521 57
93,149 16
175,209 95
433,458 74
86,126 67
125,172 3
11,37 79
907,940 27
773,792 71
206,252 42
511,533 17
268,303 91
75,85 4
362,405 64
171,188 24
0.0 6.7 27.1 19.7 50.0 47.3 38.9 37.9 55.9 60.2 58.4 42.1 29.7 71.5 29.6 34.5 47.0 24.9 44.6 47.3 33.4 62.9 24.1 57.2 15.9 23.8 74.7 55.2 11.7 35.3 33.9 74.0 72.0 46.1 24.3 49.7 8.3 50.6 57.1 22.2 
8.7 0.0 33.7 26.4 46.2 52.6 39.8 43.5 59.2 63.0 57.0 40.3 27.2 67.1 35.7 33.4 41.2 31.0 48.1 43.5 29.6 61.6 27.3 60.9 22.0 17.7 68.9 61.1 5.6 29.1 28.3 75.5 75.1 40.2 31.0 47.5 13.9 51.9 50.6 18.1 
30.3 36.5 0.0 7.9 66.2 26.5 41.3 17.6 44.2 50.2 65.9 53.0 51.7 88.4 19.5 52.9 69.9 17.7 34.0 63.7 51.5 68.9 24.0 43.6 18.7 50.7 96.5 30.2 37.7 59.7 60.2 68.4 59.8 69.3 4.7 60.7 23.5 48.5 82.1 47.3 
21.5 27.7 8.0 0.0 62.7 33.1 41.1 23.7 48.4 54.1 64.9 50.8 43.8 84.9 16.9 45.4 64.4 13.5 37.5 60.1 47.2 68.4 23.0 48.4 11.3 43.0 91.5 37.9 30.8 53.6 52.4 71.3 64.5 63.6 4.6 58.6 15.5 49.9 75.9 39.3 
53.9 48.7 69.0 65.5 0.0 67.1 32.0 62.7 56.3 55.1 21.9 16.0 67.9 22.2 77.9 76.1 20.7 73.3 51.2 2.7 16.6 26.6 43.0 60.1 64.9 49.6 34.5 79.7 40.9 26.7 57.3 54.6 65.5 21.8 66.6 12.9 58.2 38.6 35.0 57.6 
51.0 56.3 31.0 33.6 71.7 0.0 35.4 9.5 22.4 28.9 58.1 51.3 75.7 87.5 45.3 78.2 78.0 44.2 17.6 65.2 57.2 59.2 28.3 20.1 44.4 70.4 101.1 12.7 54.5 71.1 81.0 48.2 35.6 77.9 31.2 57.3 47.1 35.2 92.6 69.4 
43.2 41.6 44.2 41.3 33.6 36.8 0.0 32.5 25.8 26.7 24.7 16.0 67.0 52.1 58.0 73.0 46.2 54.3 19.1 30.4 26.0 27.5 18.1 29.1 48.3 53.6 66.5 48.1 37.6 43.0 64.3 35.8 38.8 46.5 43.5 21.9 44.8 12.3 61.7 57.4 
38.8 46.3 19.8 24.2 62.9 10.8 32.8 0.0 27.3 33.7 56.7 47.4 66.2 84.0 37.0 68.7 71.5 35.4 18.7 60.6 51.1 58.6 21.1 26.2 35.0 61.3 95.9 18.5 45.7 63.6 71.8 52.6 42.4 71.3 22.2 54.2 37.5 35.6 85.6 60.0 
57.6 60.7 46.7 50.1 57.9 23.9 27.1 28.5 0.0 6.5 41.4 40.7 85.6 73.6 63.7 90.0 72.0 61.5 11.4 55.2 51.8 41.1 31.9 3.9 59.0 75.6 90.7 32.8 58.9 68.5 86.5 25.8 16.3 72.4 48.3 44.2 58.8 18.1 87.5 77.4 
63.4 63.7 52.0 57.8 58.6 30.3 28.2 33.8 9.9 0.0 38.2 40.0 89.8 70.9 69.7 94.6 72.1 67.3 16.5 54.2 52.5 37.2 36.0 9.3 64.3 78.7 89.1 39.0 62.1 69.7 89.6 19.3 12.3 72.5 54.3 42.5 63.7 16.4 87.6 81.1 
61.8 60.2 67.5 68.8 26.9 59.0 26.0 57.2 44.0 39.3 0.0 16.6 82.4 32.8 81.7 89.8 42.5 77.6 40.4 22.6 30.6 5.1 42.0 45.4 70.7 65.7 52.4 70.6 52.9 46.3 74.9 33.4 46.7 43.5 67.8 10.7 65.7 23.6 56.9 72.1 
44.0 41.3 54.7 52.4 19.0 51.8 17.9 51.3 44.7 40.3 18.7 0.0 65.8 36.5 67.0 73.1 32.2 62.7 35.2 14.5 15.1 21.5 29.0 44.3 55.2 49.4 50.5 63.9 36.2 32.3 59.0 43.1 51.2 32.8 54.1 7.8 49.7 23.6 47.7 55.5 
29.8 29.0 55.3 43.9 69.9 77.1 71.3 66.4 88.7 93.2 86.5 67.3 0.0 85.9 42.3 8.7 55.6 39.1 74.3 65.4 52.6 87.3 53.7 86.9 33.3 18.7 81.1 81.8 29.8 43.5 17.2 102.7 101.7 54.2 47.3 72.3 28.7 79.1 58.1 10.3 
73.8 68.2 90.4 89.8 24.1 92.4 53.9 87.6 76.3 73.7 37.4 39.5 86.6 0.0 99.9 94.4 31.0 95.3 70.6 24.8 38.2 35.1 65.0 77.6 86.8 67.1 22.3 100.2 61.6 42.4 72.7 64.9 79.5 32.5 88.8 30.2 79.8 55.5 38.0 75.9 
30.5 40.4 21.0 19.9 79.5 48.4 62.4 40.8 65.0 71.4 83.5 68.0 44.0 104.2 0.0 40.5 76.7 4.7 53.3 75.2 61.7 85.3 39.9 63.1 13.7 48.4 104.3 46.0 41.2 64.8 55.5 87.6 79.3 75.8 15.4 74.9 21.7 66.7 86.3 41.8 
36.9 38.1 52.9 47.5 76.4 79.7 76.8 72.0 92.6 98.8 90.3 76.6 10.0 98.8 43.2 0.0 64.2 38.1 78.6 73.5 60.5 94.6 58.5 91.0 34.2 27.3 89.8 83.0 36.9 52.1 25.4 108.5 106.3 62.9 48.3 79.9 31.4 85.0 66.7 18.5 
52.0 44.3 71.9 67.6 21.2 78.2 50.3 74.6 74.0 75.9 47.4 37.2 59.2 34.2 78.1 64.4 0.0 71.9 64.6 19.9 20.9 47.3 50.4 75.4 62.9 36.9 27.7 89.8 35.5 12.5 41.6 74.4 83.5 1.4 68.8 32.6 55.1 55.8 15.4 46.1 
27.0 35.1 19.8 13.9 77.9 47.1 58.3 37.2 63.8 71.9 81.9 67.7 43.8 96.3 7.8 39.9 74.5 0.0 50.8 70.6 57.1 81.3 36.2 61.1 9.0 44.1 99.6 46.2 36.5 60.1 51.5 84.8 77.4 71.0 13.2 70.6 17.1 63.4 81.6 37.9 
48.5 51.3 36.7 37.8 56.0 20.2 22.1 20.0 13.8 20.8 42.3 37.1 75.1 70.8 56.8 82.3 65.3 53.4 0.0 49.6 43.8 41.5 20.7 12.8 47.8 64.7 85.7 30.1 48.1 59.7 75.7 34.4 27.6 64.7 37.9 40.4 47.5 17.6 79.8 66.2 
50.2 44.5 67.0 63.2 5.6 69.5 33.4 65.3 58.6 57.8 25.3 18.8 68.4 26.7 78.9 77.9 20.2 72.9 52.5 0.0 13.9 27.5 40.7 58.8 62.3 47.2 36.0 77.7 38.3 24.7 55.1 54.7 64.9 20.8 64.0 12.8 55.5 37.7 34.7 55.1 
35.1 29.7 51.5 49.6 20.6 58.7 27.7 52.1 52.3 56.0 32.3 15.6 55.4 41.3 65.0 63.8 24.2 60.7 48.2 16.8 0.0 35.7 30.1 55.0 48.5 35.2 45.2 69.2 24.5 17.5 44.3 57.8 64.3 20.9 51.3 19.9 41.6 36.7 35.9 42.3 
64.6 65.3 71.0 72.1 28.6 63.0 29.9 61.2 44.0 41.6 10.0 22.9 89.0 35.3 87.8 94.9 49.3 84.7 46.5 30.0 39.5 0.0 45.4 45.0 74.7 70.7 55.7 71.6 57.7 51.4 80.0 30.0 44.6 48.3 71.0 15.8 70.0 24.1 61.5 77.1 
28.9 31.1 25.0 27.1 44.9 29.7 18.4 25.4 34.0 37.0 46.4 32.3 56.0 66.0 41.8 61.5 51.4 36.7 22.6 43.2 31.0 46.3 0.0 33.5 30.6 44.2 75.2 39.5 27.6 42.7 55.1 50.7 48.0 50.2 25.7 36.6 28.2 27.8 64.5 45.4 
60.4 65.1 46.5 51.9 63.8 21.6 30.8 28.3 4.6 12.9 47.0 47.4 89.7 78.0 67.0 95.2 76.0 62.2 13.4 59.7 57.0 45.5 38.2 0.0 59.2 77.6 94.5 29.7 60.9 71.5 88.5 28.3 16.2 75.7 47.9 48.1 59.6 22.0 90.8 78.9 
18.9 22.5 20.1 16.0 67.1 45.8 52.8 38.3 62.8 67.8 72.7 58.8 36.0 91.4 17.7 38.7 67.1 13.3 48.1 67.3 48.7 75.3 31.7 59.9 0.0 35.7 90.6 48.9 27.4 51.1 43.9 80.8 75.2 62.0 14.1 63.1 8.0 58.4 72.6 30.3 
24.5 19.7 54.3 44.0 52.7 72.6 54.5 65.7 77.7 79.5 67.0 49.7 20.4 71.3 53.3 27.7 41.6 48.7 64.8 50.0 38.3 71.9 47.7 78.5 40.6 0.0 63.1 78.9 16.6 24.8 10.9 89.2 91.0 35.6 47.4 55.2 28.2 65.9 41.0 9.3 
77.3 69.7 98.1 95.1 38.8 104.7 68.5 96.8 91.3 93.1 56.6 51.6 83.8 27.2 109.2 91.4 29.0 101.7 88.6 38.0 47.9 59.7 75.4 96.9 94.2 63.8 0.0 113.5 63.2 40.0 65.3 85.7 98.8 28.7 95.8 46.6 82.8 72.8 24.1 72.4 
60.0 64.9 35.1 39.4 80.3 17.6 49.0 20.8 34.6 41.1 71.0 64.1 86.4 103.6 47.0 86.2 91.5 47.8 31.9 80.0 70.0 71.7 43.8 32.4 51.3 83.2 116.6 0.0 63.8 82.2 89.1 58.0 42.9 89.6 34.7 70.0 53.2 47.5 104.1 76.7 
12.0 6.1 41.1 34.8 43.6 58.7 40.8 46.7 62.3 62.4 53.0 40.0 33.7 63.8 42.1 41.0 40.0 37.8 49.8 42.2 27.6 62.3 30.8 62.9 28.4 21.0 65.8 65.5 0.0 23.6 27.6 73.5 74.4 34.6 35.4 43.1 19.5 50.0 45.4 19.9 
37.8 29.3 64.4 54.0 28.2 71.3 45.5 67.8 69.9 74.4 48.0 36.4 48.3 44.9 65.1 56.7 17.1 60.9 63.0 26.3 20.4 53.2 46.6 71.5 53.8 26.8 43.8 87.2 24.3 0.0 30.8 75.3 81.7 11.3 58.1 35.5 43.1 54.2 22.4 33.7 
36.2 32.3 62.0 53.9 61.7 83.4 65.4 73.3 87.9 91.2 76.6 60.1 17.4 75.5 55.5 26.5 43.0 55.0 77.2 58.4 49.0 80.2 55.1 89.9 47.7 12.1 68.1 91.3 27.9 34.0 0.0 99.8 101.9 40.2 56.6 64.2 37.0 76.6 41.6 13.6 
77.1 77.6 71.0 74.6 56.1 52.8 37.3 55.8 28.1 20.1 36.3 47.4 104.5 68.5 91.9 111.3 77.4 85.2 35.2 55.2 62.0 34.4 53.6 30.1 83.0 90.9 86.0 58.1 75.7 79.2 104.1 0.0 18.3 75.2 72.1 41.9 78.9 23.5 89.5 93.3 
75.9 75.3 62.2 66.4 69.3 37.5 43.4 44.2 20.8 16.4 46.7 54.1 102.6 83.3 83.6 111.0 86.2 78.8 27.9 69.3 67.4 46.0 51.5 17.4 79.9 93.7 103.4 47.4 79.1 83.8 102.9 19.1 0.0 84.0 64.2 52.7 75.2 27.7 98.9 93.2 
46.7 42.5 72.3 68.1 22.5 78.8 50.7 75.5 75.8 75.8 45.3 33.5 57.4 34.0 76.7 63.9 2.4 71.2 66.9 24.7 24.8 51.7 52.7 78.1 63.0 38.6 30.2 91.2 35.0 16.0 42.6 75.8 84.5 0.0 68.1 33.5 54.1 56.3 15.1 44.8 
28.5 34.9 8.1 9.0 68.2 33.0 46.4 23.9 49.0 58.7 71.7 59.0 48.7 92.7 18.4 51.4 71.0 17.8 42.4 65.2 54.1 73.7 26.4 49.1 16.3 49.6 98.6 39.6 35.5 60.7 56.6 75.0 67.5 68.6 0.0 61.9 19.6 51.5 80.5 43.4 
51.6 51.7 64.8 59.9 17.7 61.4 26.1 55.8 47.0 43.3 11.9 8.8 73.2 30.3 78.3 82.5 37.4 74.8 40.6 13.6 20.2 17.2 40.8 49.2 67.2 59.8 47.1 71.9 43.7 37.5 64.2 46.5 57.4 35.1 66.0 0.0 57.4 26.2 47.5 61.9 
12.9 16.4 26.4 19.4 58.4 50.0 49.2 42.1 58.9 65.2 66.2 51.0 33.4 80.1 26.2 32.5 55.3 18.8 49.7 60.3 44.9 73.0 28.7 64.2 12.0 30.2 87.1 54.8 20.9 44.6 41.1 80.3 78.6 55.4 23.7 60.5 0.0 55.8 64.5 23.8 
53.4 52.7 53.3 54.4 42.6 36.2 12.8 38.2 19.0 18.7 25.6 26.2 81.3 58.5 68.0 86.6 57.4 63.8 20.7 39.6 38.8 27.6 29.4 22.0 59.5 68.2 75.1 50.0 55.0 55.2 78.1 24.2 28.1 58.6 52.4 29.4 56.6 0.0 71.3 69.7 
59.4 52.1 84.2 77.1 38.3 97.1 62.4 87.5 87.8 90.6 58.0 52.7 59.1 41.7 87.6 70.9 17.0 85.0 81.5 38.6 39.7 62.8 67.5 90.8 77.1 45.2 24.3 107.5 50.0 26.1 43.2 90.1 102.6 17.9 83.2 50.3 67.6 75.6 0.0 50.2 
23.0 21.7 50.3 43.1 62.5 71.2 61.1 64.2 78.9 81.4 72.5 58.2 12.9 80.3 45.6 22.0 50.0 39.7 67.3 57.2 43.3 77.6 46.8 82.3 33.7 13.1 77.3 81.3 24.7 38.7 15.4 94.7 96.6 49.1 46.3 62.0 28.5 73.9 54.2 0.0 
