20
0,828 0
58,82 7
381,416 39
130,151 18
266,292 81
226,254 61
91,102 16
351,372 20
513,533 95
425,449 11
190,207 13
42,55 29
158,170 32
225,235 61
101,128 24
648,656 1
291,313 17
730,753 19
71,93 24
20,37 67
0.0 47.2 38.0 45.3 30.8 20.3 19.9 61.6 68.7 45.5 17.4 31.0 31.0 17.0 65.6 35.4 38.0 19.3 23.2 39.2 
48.1 0.0 9.5 84.3 78.0 32.0 41.6 96.8 49.0 74.6 64.6 40.6 75.3 30.2 31.8 65.7 81.3 27.8 60.0 48.9 
42.3 12.6 0.0 77.2 68.8 22.5 32.1 90.6 52.7 65.6 55.5 32.1 65.7 21.5 33.9 59.6 71.7 18.7 52.7 45.6 
49.3 87.4 80.0 0.0 35.1 65.1 64.9 17.2 79.6 79.2 36.0 76.1 50.6 56.8 109.1 21.1 55.7 60.5 24.5 44.6 
31.0 82.4 73.7 38.8 0.0 48.9 43.5 51.6 93.6 45.8 13.4 53.4 16.0 47.9 93.8 41.7 20.6 50.1 31.5 58.9 
24.7 35.5 24.2 69.0 52.5 0.0 10.0 80.7 67.6 44.6 36.3 15.4 43.7 12.8 45.4 52.1 49.4 10.0 41.6 47.5 
22.5 42.2 35.9 65.9 46.2 12.1 0.0 81.4 77.0 34.6 32.2 11.1 35.8 20.8 50.5 55.0 40.8 19.1 43.1 54.2 
66.2 101.5 92.5 19.8 55.1 82.5 86.0 0.0 83.7 96.4 53.3 92.5 67.3 71.4 123.5 31.1 72.2 75.2 39.2 52.0 
72.3 51.9 52.8 82.0 97.7 68.4 81.6 88.4 0.0 111.2 81.8 81.9 99.2 56.5 79.5 58.8 106.3 57.9 63.3 35.8 
46.5 75.1 67.5 80.2 47.5 44.9 38.5 99.5 114.1 0.0 43.8 34.2 30.0 54.6 73.1 77.9 28.0 53.5 65.2 84.7 
20.1 68.2 58.1 40.2 18.3 40.6 33.7 58.0 86.6 46.8 0.0 42.9 18.8 34.4 81.6 35.2 25.8 36.8 23.0 48.4 
34.7 41.0 34.9 81.0 55.3 16.1 12.7 97.5 84.2 36.0 46.9 0.0 43.7 28.3 42.3 65.7 47.6 25.4 54.1 62.9 
34.0 78.0 66.0 51.0 17.9 47.7 40.2 70.9 99.8 30.3 19.0 45.5 0.0 47.0 85.8 53.7 7.1 48.1 41.7 66.9 
18.5 34.7 26.3 58.9 49.6 17.7 23.3 73.0 56.9 55.4 37.5 32.3 48.7 0.0 52.2 41.4 53.6 3.8 32.4 34.6 
68.4 32.7 35.1 111.1 94.4 45.9 52.3 127.8 80.2 76.8 85.4 44.2 86.9 57.0 0.0 92.9 89.9 48.5 84.7 79.4 
35.6 67.8 61.0 23.6 44.3 54.5 55.8 33.4 61.3 81.8 38.4 66.9 55.3 42.8 95.1 0.0 60.3 45.2 12.8 23.5 
43.0 81.5 73.8 55.7 22.7 50.7 42.7 74.7 108.2 29.9 29.9 50.3 10.4 56.7 90.2 62.1 0.0 54.5 48.6 74.0 
19.8 31.4 19.4 61.0 50.5 10.5 19.6 78.4 59.0 53.8 39.3 27.7 50.9 6.5 53.4 48.6 56.9 0.0 36.2 37.9 
24.7 60.8 54.1 25.7 32.0 46.6 45.0 39.6 65.1 69.7 25.9 56.0 42.1 36.8 89.6 17.1 51.9 41.0 0.0 27.8 
42.7 52.3 45.8 48.0 61.6 50.7 57.8 52.3 39.0 86.1 52.5 66.7 68.1 35.9 83.2 25.6 77.4 39.4 32.0 0.0 
