40
0,1071 0
92,101 60
678,710 59
320,340 24
387,415 74
415,436 58
228,246 92
268,285 31
549,561 16
38,48 86
593,615 57
302,339 1
366,387 91
447,460 58
894,927 2
411,425 80
210,227 95
9,32 87
368,394 21
291,301 1
1026,1050 77
54,68 65
391,408 45
52,77 47
708,720 27
807,814 32
514,534 29
330,356 87
185,216 82
353,374 81
473,506 79
177,199 88
142,163 43
175,200 23
113,132 40
154,192 40
58,80 45
315,343 85
483,502 31
643,660 39
0.0 61.5 48.8 73.9 64.6 91.1 81.5 91.3 37.8 51.0 49.2 59.2 81.9 79.3 81.0 86.3 60.2 52.4 58.4 89.8 24.3 66.6 23.4 81.0 36.8 78.8 45.6 76.8 47.6 83.2 83.6 49.7 78.3 27.5 67.3 18.6 47.2 91.6 15.2 78.5 
65.3 0.0 29.1 18.8 12.8 113.1 83.6 84.3 75.1 37.6 37.6 27.0 36.6 19.0 29.2 99.4 97.3 14.4 59.8 108.6 72.2 14.6 79.3 19.9 76.8 49.9 18.3 82.5 26.0 59.0 86.4 74.1 87.7 77.6 77.2 78.5 25.6 71.6 46.2 109.0 
49.9 33.9 0.0 29.9 22.4 84.0 56.0 59.1 49.0 8.9 8.5 10.5 33.2 46.8 33.9 70.7 69.5 14.8 31.0 79.6 50.0 23.3 59.4 46.7 51.2 32.4 15.0 54.2 3.7 39.4 58.8 45.6 59.1 55.3 48.3 61.4 4.4 50.8 35.9 80.1 
77.0 22.6 30.3 0.0 9.3 108.6 75.5 73.4 79.0 35.6 36.4 21.6 18.9 24.1 10.4 93.2 98.7 21.5 55.4 103.5 79.5 7.3 88.2 22.2 81.2 36.2 28.4 75.7 28.8 45.5 78.3 74.3 81.4 84.9 72.4 89.2 28.8 58.0 59.1 107.4 
65.8 17.7 24.1 10.6 0.0 104.4 73.0 72.6 71.3 29.4 29.9 16.4 24.1 25.7 18.2 89.8 92.0 12.2 50.8 99.5 70.9 2.2 79.4 24.9 73.4 37.2 19.1 72.5 20.6 46.4 75.8 67.9 78.0 76.4 68.2 80.0 20.5 59.0 49.7 101.8 
96.0 117.4 87.7 112.0 108.8 0.0 36.6 47.4 53.2 75.5 75.5 88.0 98.2 130.0 106.1 17.5 34.9 98.8 53.6 6.2 67.6 104.4 74.4 129.4 54.6 78.3 97.4 34.1 87.3 72.0 34.6 43.3 28.0 66.5 36.2 83.1 87.8 66.0 93.2 17.1 
81.8 86.3 58.8 76.9 73.5 37.0 0.0 13.7 50.0 47.1 47.8 56.8 62.8 98.5 71.5 19.2 48.5 70.3 26.2 30.5 63.5 72.5 73.8 97.4 52.8 42.4 70.9 5.8 59.7 35.5 2.8 34.9 9.8 65.5 14.9 81.3 60.4 29.7 77.5 43.6 
95.3 85.0 61.2 76.2 76.9 49.2 16.8 0.0 62.4 50.6 51.7 57.4 58.2 97.3 67.6 30.0 62.3 72.2 33.3 41.1 75.2 71.7 85.9 95.7 65.3 37.7 74.1 19.4 62.8 29.1 14.1 47.4 23.2 77.7 27.6 93.0 63.5 19.4 85.5 56.6 
38.1 77.1 50.1 80.3 75.0 57.6 54.7 66.8 0.0 44.3 43.1 58.0 77.9 94.1 81.6 50.0 24.1 61.3 35.2 52.2 14.7 72.4 23.9 94.5 3.0 65.5 56.9 44.4 50.7 65.7 51.3 15.0 44.1 15.5 35.0 32.0 50.9 69.5 42.0 41.0 
51.2 40.6 13.0 38.3 32.2 80.2 49.1 52.0 48.3 0.0 1.7 14.0 34.1 54.7 37.3 61.9 63.0 23.5 22.2 70.9 47.8 29.9 58.0 54.3 46.8 27.8 23.8 45.3 12.6 33.3 49.9 38.7 50.2 52.8 39.6 61.3 13.3 43.7 39.9 72.3 
49.7 42.0 10.0 40.9 33.0 78.4 47.8 51.8 47.2 2.5 0.0 14.9 35.7 55.0 38.5 62.2 62.2 23.3 22.5 71.1 46.2 30.5 56.3 54.7 45.5 29.6 23.0 45.8 12.0 35.0 50.6 38.0 50.6 51.3 39.8 59.5 12.6 45.2 38.2 72.0 
60.6 30.6 10.7 22.5 16.6 90.1 57.2 61.6 61.7 16.6 16.7 0.0 22.7 42.1 23.8 73.3 77.1 15.5 34.4 83.1 60.1 16.4 69.7 41.3 60.4 25.3 19.8 56.1 11.8 33.6 59.6 52.7 61.5 65.4 51.7 71.9 12.2 45.9 45.8 85.9 
84.4 38.3 37.5 21.5 26.9 102.7 65.6 61.6 81.5 36.4 40.1 23.9 0.0 42.2 9.9 81.6 94.2 33.2 47.9 92.5 81.9 22.1 91.9 39.9 80.6 20.6 39.6 64.2 34.3 29.2 65.4 69.9 70.2 87.0 63.1 94.5 34.7 40.9 68.3 99.7 
84.2 23.3 51.6 28.9 28.0 134.9 101.7 100.4 95.7 55.3 56.2 43.3 45.3 0.0 32.5 115.5 116.0 32.9 76.4 125.2 91.1 26.0 98.0 3.2 95.8 60.3 37.3 98.1 44.2 69.6 101.3 92.4 103.7 96.6 93.8 96.8 43.8 82.1 64.1 127.0 
85.3 32.5 36.8 15.1 19.1 106.3 73.8 72.0 84.7 38.2 40.7 23.9 13.5 35.3 0.0 89.9 99.6 29.5 54.2 100.6 83.9 16.0 93.3 30.1 84.1 29.9 36.4 72.4 33.9 38.8 74.1 75.1 78.3 89.2 70.4 95.1 34.1 50.8 66.6 106.5 
87.1 100.4 74.0 93.8 93.2 20.5 22.1 32.1 54.2 63.2 63.3 74.4 82.3 115.6 92.6 0.0 39.2 85.5 39.7 11.3 64.7 89.5 73.5 114.6 52.1 61.5 84.9 17.5 74.2 54.8 17.1 36.6 11.8 65.1 22.5 81.8 74.8 48.4 85.6 28.0 
64.2 97.6 72.4 103.1 94.2 38.9 49.4 64.5 28.7 67.1 63.8 79.9 97.3 118.1 101.1 43.9 0.0 83.1 46.7 36.2 35.8 92.7 40.6 116.2 23.9 78.1 79.4 42.9 71.8 75.6 48.5 24.4 39.4 33.4 36.4 49.3 72.2 75.3 66.0 19.1 
54.6 15.7 14.9 24.1 13.6 100.0 72.1 74.5 64.9 25.4 25.3 18.1 38.1 36.9 32.9 87.8 86.6 0.0 45.8 94.4 59.6 14.2 67.6 33.2 63.1 40.7 6.9 68.8 11.6 49.2 73.1 59.7 73.8 65.1 63.1 68.0 11.1 61.4 37.5 94.5 
62.7 64.5 33.1 57.8 52.5 56.5 29.3 38.2 36.2 25.4 26.3 38.7 51.0 76.8 58.1 43.9 51.4 46.0 0.0 48.8 45.1 50.8 56.1 75.7 38.2 31.6 45.4 23.4 34.6 30.6 28.8 23.2 28.1 48.7 17.4 62.2 35.2 34.9 52.3 52.2 
93.1 111.4 84.3 105.3 100.0 7.3 31.2 45.5 54.8 73.6 71.7 85.5 97.4 127.2 103.2 12.2 36.7 96.1 50.7 0.0 66.8 99.4 74.4 124.4 53.8 72.5 93.3 28.3 83.0 66.0 28.5 40.8 22.3 66.2 31.4 83.0 83.6 59.8 90.9 20.5 
28.5 76.2 54.5 83.7 71.0 68.8 66.9 77.8 18.9 48.1 46.3 62.2 86.4 92.8 84.7 66.4 39.4 60.9 48.1 68.9 0.0 72.4 11.0 92.1 12.9 72.7 54.0 58.1 50.6 74.6 65.1 29.0 58.4 5.4 48.6 17.7 50.6 80.1 32.0 54.3 
68.3 18.3 27.4 9.8 5.2 106.3 73.4 72.9 76.8 34.9 32.5 20.7 24.6 27.5 20.2 93.4 95.6 15.8 54.0 100.6 74.9 0.0 81.0 25.0 74.5 35.8 21.1 72.1 21.8 45.1 75.3 68.5 77.7 77.8 68.1 81.8 21.8 57.7 51.7 102.2 
24.6 81.2 63.0 89.9 79.7 79.3 74.7 90.4 27.2 62.6 57.4 71.8 96.4 100.9 96.9 74.2 42.8 70.6 61.1 77.0 11.1 82.9 0.0 99.3 21.4 83.5 61.5 68.3 59.6 85.6 75.3 38.9 68.1 8.4 58.8 8.7 59.5 91.1 35.5 59.7 
83.0 22.2 46.9 26.6 25.4 131.9 97.6 98.7 98.5 55.3 58.6 44.5 41.4 8.0 32.8 117.9 117.9 37.8 78.5 125.8 93.6 27.8 99.3 0.0 96.4 58.5 38.1 97.1 44.3 67.8 100.1 92.4 102.7 97.6 93.1 98.3 44.0 80.2 65.7 126.7 
40.3 80.0 52.9 83.0 75.0 57.1 54.0 67.1 6.9 47.6 48.0 61.1 82.5 95.9 85.7 55.5 28.3 67.6 41.2 54.2 14.4 76.6 24.5 97.6 0.0 68.5 58.5 47.1 52.7 68.8 54.0 17.9 46.7 13.0 37.8 29.6 52.9 72.5 42.1 41.7 
83.6 52.2 34.6 37.0 39.6 78.6 46.5 42.4 65.8 31.7 33.5 30.1 21.2 60.6 34.4 62.7 82.8 43.3 35.7 73.4 75.3 39.4 84.5 59.3 70.1 0.0 45.0 44.2 35.4 9.3 45.0 54.8 50.3 77.2 44.4 87.9 36.1 21.9 67.6 81.3 
46.1 22.1 19.5 31.3 20.9 98.9 72.4 74.5 60.2 27.7 26.3 23.7 44.6 38.4 38.1 86.0 80.3 11.1 48.8 94.8 54.7 22.3 61.6 41.9 61.9 48.4 0.0 68.8 11.2 53.0 73.7 56.8 73.5 59.4 62.4 61.5 10.5 64.9 30.6 91.9 
79.5 84.1 55.8 76.1 74.4 34.6 7.5 23.0 48.3 48.1 49.6 59.5 64.9 100.4 72.5 21.3 45.6 70.0 26.4 30.6 60.9 72.6 72.1 99.5 47.5 47.6 70.9 0.0 57.9 38.2 6.9 29.3 6.0 59.9 9.5 75.9 58.5 34.0 73.5 39.2 
48.7 26.0 7.7 31.4 22.4 88.5 62.6 64.2 54.5 12.7 16.0 15.3 34.6 46.7 36.8 75.2 75.7 15.5 35.9 83.2 53.4 26.4 62.3 47.0 53.0 37.9 15.8 61.0 0.0 42.7 62.5 48.2 62.7 56.0 51.8 61.1 0.7 54.2 34.1 82.9 
84.6 60.7 43.1 48.5 48.4 76.3 40.2 32.1 66.1 37.9 38.5 34.8 32.8 72.4 42.2 59.2 79.2 52.3 35.4 68.1 77.7 45.4 86.4 72.4 72.4 11.8 53.8 39.6 44.1 0.0 37.8 53.5 44.2 78.7 40.1 90.7 43.4 12.6 73.2 76.6 
87.3 86.8 62.8 82.0 80.0 39.0 7.7 18.6 54.9 50.6 50.7 63.4 65.5 102.6 75.7 18.3 49.6 77.6 33.7 31.5 66.1 78.6 77.0 102.0 58.9 48.3 77.4 9.4 63.2 39.3 0.0 36.3 9.1 66.9 16.5 82.9 63.2 31.4 79.9 42.5 
54.1 77.2 48.7 75.9 68.9 45.4 38.0 50.5 19.8 41.1 42.9 55.7 70.7 94.9 80.0 40.3 28.4 62.9 26.9 44.5 29.1 70.2 41.8 94.6 19.6 59.0 60.7 30.4 48.4 57.9 37.3 0.0 29.4 30.6 19.9 46.7 48.6 55.7 50.0 35.2 
78.4 92.5 62.9 83.2 79.8 29.9 12.2 25.4 47.0 52.2 54.3 64.3 72.2 107.5 80.1 15.2 40.2 74.8 32.6 24.5 60.4 80.8 71.2 105.7 51.3 51.1 77.5 8.3 65.0 44.4 11.9 32.4 0.0 59.7 11.7 76.1 63.3 39.4 76.2 33.8 
31.9 80.7 56.8 88.8 80.8 69.6 66.6 81.8 17.1 53.4 53.0 68.8 89.3 97.9 91.3 69.9 37.3 69.9 49.2 70.8 7.5 78.4 10.3 97.9 17.8 79.2 62.5 60.7 57.1 83.4 69.9 32.2 64.5 0.0 50.5 16.8 56.0 83.6 36.8 52.3 
67.3 80.1 52.4 72.8 69.5 40.6 19.2 32.5 35.6 40.8 43.4 55.7 63.3 96.3 72.4 25.3 37.5 63.7 19.5 35.8 52.6 71.7 62.6 98.0 37.9 44.4 65.7 10.6 54.7 42.4 19.1 23.5 13.7 54.0 0.0 66.4 52.4 38.8 64.6 36.9 
22.8 79.1 66.1 92.5 82.3 86.6 82.2 94.2 35.8 62.0 64.0 72.8 95.3 100.9 95.5 85.8 52.0 70.5 65.8 84.6 20.5 82.3 12.3 100.5 33.6 88.8 64.1 76.7 64.2 90.9 87.2 49.3 79.3 19.9 69.3 0.0 60.9 97.0 32.9 68.4 
48.0 30.2 8.3 32.1 24.2 90.4 62.2 67.9 53.4 15.5 15.4 15.8 37.0 46.1 38.9 75.1 76.9 13.6 39.3 86.1 50.8 21.9 62.0 47.8 53.6 40.1 14.6 63.3 3.0 47.3 67.1 52.9 65.5 58.4 54.3 62.8 0.0 54.9 33.6 83.4 
95.3 74.2 51.3 58.9 63.1 70.6 33.1 23.0 73.4 46.5 45.9 47.2 45.7 86.3 51.7 49.4 76.6 63.0 38.0 63.9 84.3 59.1 94.0 80.3 76.5 26.2 66.7 35.4 54.9 16.3 34.7 58.9 40.5 85.1 40.6 101.3 58.2 0.0 82.8 73.2 
19.9 50.2 36.3 62.6 52.2 94.0 78.8 86.2 44.5 42.5 39.4 47.2 72.3 64.9 68.1 86.3 69.3 40.8 54.2 91.6 36.9 56.4 39.5 70.6 46.2 70.5 32.3 74.9 36.8 74.2 80.2 50.3 78.7 40.1 65.7 37.3 34.0 83.5 0.0 82.8 
79.7 112.3 80.7 108.7 104.0 19.5 44.0 58.3 43.4 75.9 73.9 90.8 104.2 131.9 107.6 29.1 20.5 96.9 54.4 23.3 58.1 104.1 61.3 126.9 43.6 83.1 93.4 40.0 87.5 80.4 45.1 36.9 35.6 57.0 37.5 70.0 84.4 73.6 84.4 0.0 
