40
0,35 0
0,1033 0
306,351 66
521,548 18
67,94 83
433,464 45
885,895 23
130,153 50
245,263 73
952,972 68
740,768 92
116,126 73
363,386 39
307,339 60
128,140 89
765,776 15
217,251 12
32,42 27
30,72 51
798,833 30
255,308 32
733,764 56
568,606 23
145,187 57
545,560 86
630,662 96
373,403 63
710,744 58
683,708 42
462,481 58
236,252 9
361,376 54
488,526 88
56,68 18
402,433 94
2,36 56
278,310 75
373,397 27
192,217 27
342,373 49
0.0 28.9 66.4 75.6 46.0 43.8 80.3 50.7 68.7 68.4 61.7 28.5 7.5 76.3 62.9 31.0 64.8 78.4 44.0 35.5 71.3 15.1 87.9 46.7 34.3 24.9 69.9 74.2 7.4 36.6 26.7 18.4 92.1 41.1 66.1 25.9 35.0 46.6 16.1 87.8 
29.3 0.0 92.2 96.7 70.3 71.0 95.8 62.1 73.0 70.3 80.9 57.0 30.0 95.1 59.0 49.6 88.8 103.8 21.0 55.8 75.9 14.0 109.4 20.1 63.0 53.3 76.4 92.2 31.6 48.4 54.5 33.4 117.0 69.4 87.3 35.1 63.8 65.7 36.3 108.7 
70.3 96.9 0.0 23.9 69.5 23.6 44.4 50.3 68.6 73.3 28.6 50.7 70.6 32.3 82.1 45.1 9.5 12.0 98.1 38.7 68.7 80.4 30.0 104.0 37.2 53.1 64.0 34.1 69.0 53.2 55.9 59.7 25.9 49.6 21.3 61.7 38.1 33.7 73.2 31.5 
80.4 97.2 28.1 0.0 89.7 40.4 21.6 41.1 53.3 58.8 16.5 67.9 81.5 9.3 70.9 47.1 16.1 22.8 97.5 41.0 52.5 87.4 12.7 104.3 54.4 69.3 47.7 12.3 80.2 50.3 72.8 63.3 27.9 70.0 9.5 62.3 55.9 30.9 86.2 12.1 
50.7 72.8 72.3 90.2 0.0 49.4 103.8 84.8 106.3 107.6 82.7 24.8 41.2 95.0 105.9 63.5 74.1 79.9 89.0 63.6 108.2 57.0 99.0 90.2 36.2 25.9 105.4 94.6 39.9 74.0 22.1 60.4 92.7 19.8 82.1 68.4 34.4 72.0 33.9 100.0 
45.0 73.0 27.6 43.3 53.0 0.0 55.0 44.5 66.2 69.5 34.1 27.8 47.4 45.6 73.9 29.8 25.3 35.6 79.9 25.1 67.3 58.3 50.5 85.0 14.1 29.8 63.4 45.4 45.7 40.7 32.9 40.6 49.5 29.9 32.7 44.9 15.4 27.6 49.5 51.2 
81.7 95.8 45.4 23.1 108.5 59.0 0.0 34.0 37.1 42.9 21.1 80.1 87.2 12.3 57.3 49.4 35.3 44.4 91.9 45.1 35.4 89.2 27.0 99.2 67.6 80.6 30.9 10.3 86.3 47.4 84.4 64.5 47.6 84.9 23.7 60.8 69.4 34.2 93.6 24.6 
51.3 63.7 54.7 44.9 89.2 44.9 36.6 0.0 22.0 24.9 25.0 60.0 58.1 36.1 31.7 21.5 42.0 57.9 58.1 21.5 23.6 56.9 53.0 65.4 51.3 59.0 20.6 32.6 57.6 14.4 62.9 32.8 67.7 69.0 33.8 27.6 53.3 17.6 65.9 51.6 
72.5 75.1 70.0 57.3 107.0 69.2 41.0 24.2 0.0 5.8 40.3 81.6 76.3 45.4 21.1 42.7 59.4 74.0 62.6 43.5 2.9 71.5 62.7 70.0 73.4 80.4 6.1 41.6 76.1 32.8 84.2 50.3 81.2 91.0 48.9 43.1 75.4 38.7 84.7 60.6 
72.0 74.1 74.3 61.8 111.8 73.7 47.2 26.8 8.3 0.0 45.3 83.2 75.9 51.0 15.7 44.3 64.3 79.1 58.6 45.8 7.9 69.9 68.4 66.0 75.7 81.7 11.9 47.3 75.8 33.6 85.5 50.0 86.7 93.1 54.0 42.4 77.7 42.3 84.5 66.4 
64.5 81.2 30.3 18.3 84.1 34.3 21.7 26.2 41.7 46.5 0.0 59.0 68.1 14.6 55.9 31.7 19.2 33.8 81.0 26.2 40.2 72.3 29.0 87.8 46.4 59.6 35.5 12.6 67.0 33.8 63.4 47.8 42.7 63.8 8.8 46.1 48.2 15.3 73.8 28.0 
29.1 57.9 53.2 68.5 29.5 29.1 82.7 64.8 83.2 88.1 61.0 0.0 27.6 72.1 82.4 38.9 53.2 62.4 72.3 38.8 83.5 42.9 78.4 75.2 13.7 3.7 80.6 71.2 25.8 49.7 5.1 38.1 76.1 12.7 59.5 45.7 12.6 47.4 25.5 79.1 
11.2 30.3 74.2 85.1 43.9 47.5 91.4 61.2 80.5 78.1 70.5 32.0 0.0 82.7 70.0 38.0 69.8 82.7 47.7 42.2 78.8 16.0 93.6 49.3 36.2 23.8 77.4 80.7 1.8 44.1 24.6 26.0 96.5 39.6 72.1 33.4 36.5 53.2 8.9 93.6 
76.6 95.2 35.2 14.0 99.3 47.4 17.1 37.8 46.2 53.0 17.8 72.9 87.3 0.0 64.0 46.2 23.5 32.1 93.9 40.8 44.3 86.9 17.5 101.0 59.0 73.0 39.5 3.7 81.5 47.2 76.7 62.3 36.3 75.5 12.9 60.1 60.6 29.9 88.2 15.7 
65.7 60.8 84.2 74.7 108.4 75.5 60.0 35.5 23.6 17.7 59.1 85.5 71.0 65.9 0.0 45.4 73.7 89.5 44.7 48.9 23.6 61.2 81.6 51.9 77.4 80.3 27.0 60.2 70.3 33.8 83.8 45.7 98.4 93.6 64.7 37.6 79.3 48.8 79.0 79.7 
33.5 49.7 48.1 50.8 66.8 34.1 51.1 23.7 46.3 46.4 36.4 39.3 40.8 50.4 47.4 0.0 40.0 55.8 53.0 6.4 44.7 40.6 59.7 59.1 32.1 37.6 42.1 43.7 37.2 11.5 41.5 16.2 68.4 48.9 37.7 16.6 34.0 16.3 45.1 59.1 
67.7 91.6 12.7 19.9 77.2 27.1 39.8 46.2 61.1 64.4 20.1 56.8 72.1 28.1 76.3 41.1 0.0 16.2 92.9 33.5 59.4 77.9 25.2 99.1 39.5 55.0 54.7 24.9 68.4 46.6 58.2 55.6 28.3 54.2 11.8 56.5 40.8 26.4 73.5 26.0 
79.8 106.0 16.3 23.3 81.4 39.9 45.8 60.8 74.5 82.2 36.3 64.0 87.2 34.0 92.9 60.7 17.6 0.0 108.9 49.4 73.6 92.3 23.3 115.0 49.0 64.9 68.8 34.9 81.1 62.9 67.6 71.0 13.8 60.3 25.1 72.5 49.8 42.7 85.2 25.4 
46.9 21.1 99.2 101.6 93.2 82.4 93.0 59.9 67.1 60.5 81.4 76.1 50.2 98.4 45.5 57.3 97.7 112.4 0.0 59.5 65.5 32.1 110.0 7.4 75.2 68.8 67.2 90.5 49.1 47.2 70.8 39.3 121.1 85.0 88.7 36.4 76.4 67.2 55.4 108.8 
36.3 59.3 40.4 45.7 65.6 29.4 47.9 23.2 47.8 47.8 30.2 43.1 42.7 41.0 50.7 9.2 38.4 49.6 62.5 0.0 45.1 46.3 53.7 65.6 29.9 38.1 41.9 38.6 41.2 15.7 42.1 22.4 61.9 47.5 31.6 23.0 31.9 11.0 48.5 53.2 
72.4 79.9 72.1 57.3 112.7 67.8 35.7 26.7 4.7 9.6 44.5 84.4 82.0 45.8 27.7 48.5 59.7 76.2 65.7 49.5 0.0 74.3 61.5 73.0 74.9 82.4 4.8 40.6 78.6 35.1 86.2 52.8 80.4 92.6 48.6 45.7 76.9 39.7 87.2 59.4 
16.4 16.9 82.9 89.7 59.0 62.8 89.8 60.2 73.9 71.5 74.5 43.8 17.5 87.6 62.0 44.4 81.2 94.2 34.7 48.3 77.9 0.0 99.9 33.3 49.4 39.2 73.9 84.3 17.6 42.5 40.4 24.7 105.8 55.3 77.8 29.4 50.1 57.0 23.2 99.5 
91.8 113.9 34.8 16.0 99.9 52.9 32.0 57.5 66.4 70.2 31.4 82.1 98.2 20.7 84.0 62.4 28.4 25.4 115.0 55.9 61.6 103.6 0.0 116.9 64.7 80.1 56.8 21.3 92.2 62.8 83.4 76.0 21.2 79.1 22.1 75.0 66.0 43.6 97.9 2.5 
47.7 24.3 107.5 108.5 90.6 85.8 104.1 65.4 73.1 68.6 88.2 78.2 52.2 101.9 56.6 63.8 101.3 117.2 10.4 67.8 74.1 38.1 119.5 0.0 79.3 71.6 74.7 97.6 50.8 54.0 73.3 44.6 127.5 87.9 95.4 42.6 80.4 73.8 56.3 115.8 
38.4 63.3 41.3 58.8 37.8 18.0 72.4 54.5 74.9 77.7 46.7 18.2 36.3 62.6 81.8 36.9 41.6 51.1 75.9 32.5 78.5 50.7 65.0 81.5 0.0 15.9 71.6 58.4 34.5 43.6 18.8 37.1 62.7 17.9 46.2 43.4 1.9 36.6 36.8 65.4 
26.5 56.4 56.3 70.7 26.3 32.7 80.7 60.2 84.1 83.4 62.0 5.4 25.3 75.3 80.9 41.2 56.8 67.1 73.0 38.7 84.3 43.8 84.5 73.9 17.2 0.0 79.7 72.0 22.0 48.1 3.9 35.5 78.6 16.2 60.7 43.2 15.2 47.4 22.0 80.7 
71.3 77.6 68.7 48.0 106.8 67.3 34.2 23.5 8.7 13.0 36.1 81.0 78.3 41.9 27.2 45.4 56.8 71.1 71.7 42.4 7.0 78.1 58.4 77.2 72.9 80.2 0.0 35.8 77.1 33.3 83.6 51.5 75.6 89.4 43.8 44.8 73.6 35.8 85.5 54.7 
78.1 93.4 34.5 14.2 99.5 47.5 14.2 35.2 46.1 51.6 13.2 74.7 82.1 5.2 64.5 45.1 27.7 36.1 90.6 42.7 41.0 85.1 24.4 100.8 60.8 72.5 40.6 0.0 79.6 44.1 75.8 59.6 39.9 75.3 13.4 57.1 60.1 27.6 86.5 19.4 
12.1 34.6 72.2 81.1 42.6 47.8 87.1 62.3 80.9 76.1 68.9 27.0 3.0 84.4 73.5 40.0 71.2 81.1 50.4 41.6 82.5 18.5 95.5 54.1 39.4 24.4 80.4 84.0 0.0 43.7 22.8 25.8 94.9 37.8 70.8 33.4 34.7 52.2 8.6 92.2 
40.4 49.2 55.1 51.5 76.2 42.5 51.9 15.8 33.8 35.8 35.8 50.8 45.8 49.9 35.7 14.4 48.8 65.8 51.1 15.9 39.0 46.4 67.5 57.8 44.1 50.3 36.2 46.6 46.5 0.0 51.8 18.4 74.4 60.2 41.5 13.4 45.5 20.3 52.2 61.8 
28.8 58.2 57.2 76.9 26.5 36.3 88.9 67.5 86.5 86.0 68.0 5.3 28.0 80.0 84.2 43.9 60.8 71.8 71.2 45.9 90.1 43.9 86.0 73.4 22.8 6.2 85.2 79.0 27.5 55.9 0.0 38.7 81.3 15.0 64.3 46.6 17.8 51.3 21.2 84.0 
19.2 38.1 62.2 67.4 64.5 42.6 68.6 33.7 52.9 53.4 50.7 39.3 28.4 63.9 50.5 18.6 58.3 71.7 42.4 25.7 53.8 26.2 80.7 47.8 38.9 38.3 55.5 61.5 27.8 22.4 39.2 0.0 83.9 50.3 53.9 8.0 38.6 32.5 34.4 75.4 
94.7 121.8 27.5 31.8 94.9 52.8 47.6 70.2 81.2 89.3 42.8 77.8 100.3 40.7 100.6 70.3 31.0 18.1 122.6 65.8 84.4 107.0 25.6 131.6 63.3 82.2 79.0 40.3 95.9 75.8 84.7 85.5 0.0 73.3 33.9 84.9 63.5 54.1 99.0 23.8 
41.7 70.4 51.4 74.1 22.1 32.3 85.8 71.3 95.3 96.4 67.6 17.3 42.9 79.1 94.3 51.4 57.4 61.8 87.8 50.6 97.6 59.6 83.0 92.1 20.8 16.2 89.4 77.1 39.1 63.0 15.6 53.4 76.1 0.0 62.6 57.7 15.9 54.5 36.0 80.1 
67.2 89.9 23.6 14.3 86.9 35.4 25.3 33.9 52.6 56.2 11.5 60.9 76.9 17.2 68.7 40.0 14.0 29.5 91.6 33.9 49.9 80.8 26.5 97.0 50.0 63.7 44.1 18.1 75.1 46.1 65.1 54.3 35.6 67.4 0.0 53.2 47.8 21.7 76.9 21.6 
27.7 36.4 63.9 64.7 71.7 48.9 62.5 28.7 43.6 42.5 48.8 49.0 37.9 62.2 40.2 17.5 59.8 76.6 37.1 23.3 47.0 32.9 80.0 44.5 46.6 44.6 49.1 58.0 37.4 15.7 50.1 9.2 87.0 59.4 55.5 0.0 45.1 31.4 42.1 74.2 
37.6 67.0 41.3 56.2 36.8 15.6 73.4 56.7 80.2 81.2 52.2 16.3 41.5 64.9 82.2 39.0 43.8 54.8 81.1 36.4 81.4 51.0 67.0 80.9 3.0 17.0 76.3 64.8 36.3 50.2 19.1 41.7 63.7 17.0 51.5 49.4 0.0 38.6 36.6 66.7 
48.2 66.4 34.1 31.6 73.2 29.6 37.4 18.3 40.3 43.6 19.2 50.9 55.5 34.1 49.4 17.2 28.2 42.7 68.8 11.7 43.1 61.7 48.3 76.2 37.0 51.7 37.3 30.0 54.0 21.6 55.8 37.2 55.1 59.3 25.2 33.7 41.3 0.0 59.4 42.9 
16.1 38.8 78.0 91.0 34.4 51.2 98.4 70.2 86.8 86.9 75.0 28.4 8.9 88.3 83.3 47.7 77.3 89.0 57.1 48.7 90.2 24.1 102.0 57.9 41.6 25.6 85.5 90.5 8.8 56.9 23.0 38.2 100.5 37.1 77.0 45.6 38.6 60.0 0.0 98.1 
89.8 109.9 35.3 14.9 102.4 51.6 27.3 52.6 61.0 66.5 30.4 81.0 95.5 17.5 81.9 59.8 28.5 29.3 111.9 56.6 60.4 100.0 6.2 117.1 69.9 83.3 58.1 22.1 94.3 64.9 85.5 79.8 27.0 80.6 26.1 77.1 69.0 43.2 101.5 0.0 
