40
0,38 0
0,1120 0
349,390 49
464,492 15
571,588 67
9,42 81
493,524 70
731,754 22
609,636 19
315,364 14
169,178 59
452,491 89
343,386 68
95,144 81
425,440 73
547,590 54
161,193 80
480,505 76
389,408 84
49,68 88
899,922 83
208,240 2
66,103 59
253,284 40
630,663 22
731,760 36
128,153 77
816,858 85
1061,1094 47
992,1019 14
257,293 3
190,216 29
292,320 85
517,554 25
65,81 13
691,724 35
705,727 98
438,459 53
468,493 56
394,435 66
0.0 65.2 51.4 60.3 66.6 44.0 39.0 8.2 86.6 71.3 14.1 99.4 32.1 37.7 79.1 57.7 28.6 81.1 102.4 79.4 98.6 40.4 39.7 30.3 99.5 68.7 59.3 95.9 51.4 45.2 58.8 44.1 70.8 84.8 15.4 29.8 56.6 67.7 28.7 76.1 
68.2 0.0 14.6 30.1 2.2 45.2 48.9 62.7 82.8 13.9 52.5 55.0 40.6 30.5 70.7 9.3 47.0 44.3 43.5 78.6 68.8 71.3 75.4 52.9 68.9 47.6 67.9 40.6 46.9 84.6 63.1 98.4 16.4 64.2 57.4 39.5 21.8 6.1 55.1 38.3 
54.4 17.9 0.0 23.7 15.5 39.7 35.5 48.3 75.1 20.8 39.3 58.0 26.1 20.5 63.3 11.3 32.5 43.4 53.0 70.0 67.3 57.5 61.4 43.6 67.7 41.4 56.7 48.0 43.6 70.6 52.3 83.8 26.8 59.5 45.2 28.4 14.4 19.0 40.7 37.1 
63.7 31.0 25.6 0.0 29.0 62.1 27.6 54.3 52.7 22.2 52.3 39.4 28.1 41.5 40.6 33.2 32.9 21.9 44.9 48.4 44.3 48.9 53.6 62.9 44.8 17.9 39.3 37.2 66.8 62.4 34.2 80.4 46.4 35.8 59.8 47.1 9.3 36.3 38.0 16.1 
68.4 2.9 18.7 32.4 0.0 47.5 49.0 63.8 81.5 11.7 54.0 52.8 41.2 32.4 69.4 11.5 47.6 42.4 41.3 77.5 66.8 71.4 75.6 55.0 66.9 46.3 67.2 38.3 49.2 84.8 62.4 99.0 18.0 62.5 59.1 41.3 21.0 7.6 55.5 36.5 
47.3 49.8 42.4 63.4 49.7 0.0 59.9 47.7 108.7 58.0 31.2 97.6 46.6 20.9 97.9 36.0 49.8 83.0 88.8 102.4 106.4 75.0 76.6 14.9 106.9 78.6 84.9 85.6 7.5 84.4 81.9 87.9 39.9 97.1 28.9 19.4 53.5 43.4 56.9 76.7 
42.4 49.3 37.9 30.3 50.6 63.0 0.0 31.4 50.3 47.0 36.9 63.2 13.2 40.5 41.1 46.7 11.4 44.7 72.5 43.5 59.8 22.5 26.9 54.0 60.7 30.3 25.0 64.6 66.6 36.0 22.3 52.9 62.4 45.8 44.8 40.7 29.6 54.2 11.4 40.8 
11.0 63.3 49.8 55.4 65.8 48.3 32.7 0.0 78.5 67.3 16.4 93.0 26.2 37.8 71.1 56.0 21.8 74.6 97.6 71.2 91.2 32.5 32.1 35.3 92.1 61.5 51.1 90.8 55.2 38.3 50.7 40.4 70.1 77.1 21.0 31.1 51.7 65.8 20.7 69.8 
88.4 84.4 79.8 56.9 82.7 112.3 54.3 80.5 0.0 72.7 87.0 54.5 62.8 88.1 12.1 85.6 61.7 45.4 78.6 7.3 34.6 49.4 52.8 104.2 35.7 35.2 27.4 70.2 114.8 55.4 28.1 77.2 99.2 23.5 94.9 90.2 61.7 88.9 58.2 48.6 
73.1 16.0 25.1 25.8 15.7 58.6 48.7 68.1 73.5 0.0 60.0 41.1 42.3 40.8 60.6 22.2 48.4 31.2 32.1 69.3 55.5 69.4 73.9 63.9 55.6 37.5 61.6 27.7 60.3 83.0 56.4 99.2 29.0 52.4 66.0 49.2 17.4 18.9 55.5 25.6 
16.0 54.3 39.3 53.9 56.7 34.5 39.9 18.2 88.9 60.0 0.0 91.7 26.1 23.8 78.0 44.4 25.4 74.1 91.8 80.1 93.9 45.9 46.7 19.5 94.7 63.9 60.6 85.9 38.8 53.8 58.9 56.8 56.9 81.3 8.0 15.6 47.0 54.4 29.6 68.5 
101.0 58.6 63.0 43.9 56.2 102.5 64.8 94.9 59.1 41.2 96.5 0.0 67.2 78.3 45.5 62.9 71.2 18.5 26.5 55.5 22.3 79.8 84.7 101.0 21.6 34.1 60.9 20.1 100.8 92.0 56.4 112.9 69.2 31.4 99.2 85.3 45.5 59.7 74.6 23.3 
34.1 41.1 27.5 31.2 45.9 50.1 13.3 28.0 63.9 42.3 30.3 69.4 0.0 27.4 52.8 36.4 6.3 49.0 71.5 56.2 67.9 32.3 35.7 41.4 68.7 37.8 38.2 64.5 53.3 44.8 35.3 57.8 52.1 55.3 34.1 27.5 25.8 45.1 14.6 43.9 
40.3 31.3 21.6 45.4 33.5 22.3 41.7 39.9 91.3 44.8 24.5 79.4 28.5 0.0 77.2 21.6 31.8 62.8 72.9 82.0 85.8 58.4 61.0 23.1 86.4 57.6 65.3 68.4 26.6 69.6 61.9 77.6 33.1 76.2 27.3 9.0 33.2 31.3 39.9 56.6 
82.6 73.3 67.2 44.4 69.8 99.2 41.9 75.4 12.8 63.3 79.4 46.0 54.6 78.7 0.0 73.7 52.6 34.2 68.1 10.0 28.6 45.1 49.2 94.3 29.8 23.1 22.1 59.5 103.8 53.7 20.6 75.9 87.1 14.2 86.0 79.8 49.7 76.8 50.4 36.9 
59.2 11.5 13.9 37.9 11.7 40.0 48.6 59.2 87.9 23.8 46.6 67.3 39.0 25.9 75.6 0.0 42.6 50.5 52.8 80.8 75.0 68.4 72.1 43.7 75.2 51.2 68.0 49.6 38.1 81.3 63.5 93.3 15.7 68.8 48.8 30.6 23.9 9.9 51.1 44.3 
30.7 51.0 34.4 36.4 51.7 52.0 14.2 25.9 64.7 53.3 30.3 75.8 10.6 34.8 55.4 44.5 0.0 52.8 77.0 54.8 70.1 26.7 29.8 42.8 70.9 40.1 35.8 69.8 56.8 38.8 33.6 51.4 58.2 56.6 33.4 30.4 31.6 51.4 8.5 48.1 
82.4 47.4 45.3 26.3 45.2 83.6 48.7 75.8 48.1 33.4 76.5 22.5 52.5 63.4 35.1 54.9 53.4 0.0 34.3 44.1 24.4 62.0 66.9 84.7 24.7 16.6 44.8 25.6 87.1 74.6 40.0 95.0 60.2 22.6 81.7 68.9 29.6 50.0 56.0 6.3 
102.9 44.9 53.8 45.2 43.6 93.5 75.9 101.4 83.6 36.6 95.9 27.9 75.9 77.3 68.8 56.2 77.9 38.5 0.0 78.1 48.7 93.0 97.9 95.9 48.1 50.0 78.5 8.7 90.1 106.3 73.4 125.2 53.1 55.0 98.1 81.3 45.9 46.0 82.8 34.2 
81.6 82.3 70.1 53.3 78.9 105.8 44.2 75.7 11.3 69.7 80.5 59.5 61.2 86.2 12.6 82.8 55.3 47.8 80.5 0.0 37.4 42.1 45.7 97.5 38.6 31.8 20.1 69.5 108.7 48.6 21.1 70.5 94.8 24.0 87.9 83.7 57.1 84.7 51.1 46.4 
102.8 71.9 71.0 48.7 68.8 109.2 61.3 92.5 37.3 59.9 97.5 26.1 71.1 87.3 30.8 76.3 73.6 28.7 50.2 38.9 0.0 70.8 75.4 106.7 1.1 30.0 48.8 41.5 110.9 81.1 45.6 103.1 84.5 15.5 101.8 91.1 53.0 74.3 70.9 30.6 
43.5 74.2 62.3 49.6 71.4 77.5 25.6 33.8 51.4 71.1 47.7 82.0 34.4 61.6 48.0 70.4 27.4 66.9 95.4 44.5 71.7 0.0 4.9 65.4 71.9 45.6 22.9 84.7 82.3 13.6 25.2 33.1 84.1 55.3 52.5 55.8 52.1 76.5 18.5 59.6 
43.6 76.8 64.7 58.4 80.5 77.1 30.1 32.2 55.3 74.0 48.6 84.8 38.6 63.1 51.2 75.0 34.6 71.5 100.2 49.8 78.4 7.8 0.0 66.2 76.5 50.6 27.1 89.6 84.0 9.2 29.8 28.2 87.7 59.9 52.8 57.6 56.5 80.3 21.3 64.5 
32.0 54.0 44.7 64.0 58.5 17.7 57.5 39.3 107.5 65.7 22.9 104.5 44.0 27.1 99.2 44.1 44.3 88.0 97.9 100.7 110.0 65.5 67.6 0.0 107.4 77.4 78.6 91.5 21.6 73.3 76.4 74.5 51.4 95.7 14.8 15.7 55.4 52.6 48.4 78.6 
102.8 70.8 71.0 47.5 67.8 107.4 61.3 96.7 38.1 56.2 98.0 24.3 70.4 88.7 34.7 76.2 72.1 28.0 51.6 39.5 2.8 76.4 79.4 109.4 0.0 30.9 50.0 41.0 111.3 82.3 46.7 104.2 84.6 16.7 102.6 91.7 53.5 74.5 71.8 30.9 
72.0 52.1 42.9 22.5 49.9 83.3 32.4 64.9 35.3 42.2 66.2 35.4 38.7 62.3 26.8 52.2 41.5 16.8 52.9 35.3 34.7 49.2 51.5 80.9 35.7 0.0 28.5 41.3 83.8 58.1 23.5 78.7 64.0 18.5 71.8 62.0 27.2 53.8 41.7 16.0 
60.6 70.1 59.9 41.7 69.6 85.2 29.4 51.6 27.8 62.3 65.3 61.3 38.3 69.9 26.0 69.4 36.3 47.2 81.5 22.2 49.5 26.0 31.7 82.5 53.8 29.2 0.0 69.8 91.6 32.2 5.2 54.2 83.2 33.3 68.2 65.7 46.2 73.8 31.2 44.3 
96.5 42.7 52.2 40.6 39.1 85.9 67.8 91.9 70.4 30.8 89.8 22.0 69.2 73.2 63.3 52.2 70.1 26.1 10.6 69.6 45.2 89.4 92.3 94.2 42.9 42.7 71.6 0.0 87.6 97.9 64.8 117.1 52.5 46.6 92.6 76.5 39.3 44.1 75.2 25.5 
54.4 50.2 43.7 68.3 50.9 10.5 69.2 58.6 119.5 62.0 42.3 101.8 56.6 28.0 104.7 38.1 59.8 92.1 90.2 109.8 112.0 82.4 86.1 24.6 113.9 87.3 95.1 92.5 0.0 91.9 88.4 95.3 38.9 102.3 36.1 26.5 57.8 44.1 64.1 80.7 
48.7 87.9 71.5 65.6 86.0 87.7 40.2 42.0 56.6 85.3 55.1 92.7 48.9 72.0 55.3 83.4 41.9 78.9 109.1 51.6 84.7 17.6 10.0 77.0 83.7 61.8 36.1 98.4 93.0 0.0 35.9 22.1 97.0 65.5 59.3 65.8 65.7 89.6 30.3 72.6 
59.3 67.0 54.1 36.5 65.2 84.4 22.7 54.0 31.8 60.5 61.0 57.8 38.8 65.2 25.1 67.6 37.3 41.2 74.5 21.5 49.6 30.0 31.2 77.0 49.6 28.3 7.8 68.8 92.4 39.8 0.0 57.6 78.5 30.0 66.7 62.9 41.3 69.0 30.2 39.2 
46.5 98.7 88.1 80.4 99.2 90.6 54.4 41.6 78.7 102.0 61.3 117.6 59.7 78.5 78.7 95.0 56.2 97.7 125.5 71.1 105.2 37.8 31.4 78.1 108.0 82.3 54.8 120.4 97.5 25.4 58.9 0.0 108.4 87.5 59.6 71.5 81.9 102.6 43.7 92.4 
75.6 16.9 30.6 51.2 20.6 41.6 64.9 74.9 104.2 29.6 60.9 72.9 54.4 35.7 89.5 16.3 59.2 60.4 53.2 95.3 86.1 86.7 90.0 55.0 85.2 64.7 85.9 54.6 39.0 101.7 81.0 108.7 0.0 80.5 59.9 41.7 37.7 10.3 66.7 54.4 
89.7 68.3 59.6 37.6 64.2 102.1 49.2 79.9 28.0 54.2 86.3 35.3 56.3 78.6 15.6 71.8 58.3 24.6 56.9 24.8 15.5 57.1 60.8 97.9 19.1 22.2 36.5 51.6 102.8 67.8 31.0 90.5 84.9 0.0 89.3 80.4 45.2 70.2 56.5 26.9 
20.0 60.2 46.6 62.4 63.6 32.6 47.1 24.1 96.8 69.3 8.0 103.4 35.2 31.1 90.8 52.3 36.1 83.0 99.3 91.2 103.5 54.4 57.3 16.4 105.6 72.3 72.9 97.3 39.3 60.3 68.1 64.2 61.4 91.1 0.0 18.3 54.1 58.6 37.1 76.0 
31.9 43.8 32.0 47.8 43.8 20.6 44.8 32.4 91.6 52.0 18.6 86.3 28.3 11.1 81.1 33.1 31.0 71.0 85.3 86.1 94.2 59.9 62.0 18.7 92.3 63.9 69.3 77.6 27.0 70.1 64.0 75.9 42.2 81.6 20.4 0.0 39.7 40.3 37.5 62.8 
57.1 22.1 18.0 13.1 24.1 53.8 33.6 54.3 64.3 20.4 49.6 47.3 29.6 33.2 51.0 28.5 34.6 31.8 47.8 60.4 56.3 53.1 59.8 59.0 56.2 32.2 46.9 42.7 62.5 67.9 42.4 82.3 37.9 47.2 58.2 40.3 0.0 27.8 38.3 23.3 
71.5 9.0 21.0 39.6 11.0 47.9 56.0 69.0 90.0 19.1 56.9 63.4 47.3 35.9 79.1 13.4 56.3 51.5 46.2 88.0 77.1 81.2 80.4 56.8 79.0 55.6 78.7 45.0 48.3 92.2 70.1 106.4 13.5 75.2 62.5 44.2 32.0 0.0 59.7 44.1 
33.0 55.8 43.9 39.0 58.5 60.6 15.2 22.3 58.9 58.0 32.9 78.6 17.4 41.3 54.7 51.9 10.3 61.0 86.9 53.6 71.6 19.6 25.3 50.3 74.2 42.5 32.5 76.9 65.6 32.0 34.2 45.3 69.4 59.2 39.6 41.5 40.4 64.1 0.0 52.0 
79.6 40.7 37.3 19.3 39.0 81.4 41.9 70.8 51.1 28.1 68.7 25.6 45.1 57.1 38.6 48.0 50.2 10.9 35.5 49.7 32.1 61.9 65.7 79.5 32.4 20.9 46.3 27.7 81.7 73.8 43.1 97.1 56.6 31.2 79.1 66.6 25.9 47.4 55.1 0.0 
