40
0,1118 0
358,386 41
471,490 28
575,587 77
17,39 83
499,521 73
733,748 37
612,630 29
325,357 84
170,177 88
458,484 33
349,378 7
102,135 81
425,436 90
553,581 94
169,191 78
487,503 37
393,407 22
51,64 99
902,918 64
214,236 62
75,100 90
258,279 73
635,657 31
738,757 62
131,148 71
0,30 55
820,848 33
1070,1092 15
994,1012 37
265,290 9
195,213 18
296,315 71
521,546 77
69,80 48
693,716 57
709,724 64
443,457 36
476,492 30
400,428 33
0.0 65.2 51.4 60.3 66.6 44.0 39.0 8.2 86.6 71.3 14.1 99.4 32.1 37.7 79.1 57.7 28.6 81.1 102.4 79.4 98.6 40.4 39.7 30.3 99.5 68.7 59.3 95.9 51.4 45.2 58.8 44.1 70.8 84.8 15.4 29.8 56.6 67.7 28.7 76.1 
65.2 0.0 14.6 30.1 2.2 45.2 48.9 62.7 82.8 13.9 52.5 55.0 40.6 30.5 70.7 9.3 47.0 44.3 43.5 78.6 68.8 71.3 75.4 52.9 68.9 47.6 67.9 40.6 46.9 84.6 63.1 98.4 16.4 64.2 57.4 39.5 21.8 6.1 55.1 38.3 
52.9 14.8 0.0 23.7 15.5 39.7 35.5 48.3 75.1 20.8 39.3 58.0 26.1 20.5 63.3 11.3 32.5 43.4 53.0 70.0 67.3 57.5 61.4 43.6 67.7 41.4 56.7 48.0 43.6 70.6 52.3 83.8 26.8 59.5 45.2 28.4 14.4 19.0 40.7 37.1 
62.4 33.0 27.2 0.0 29.0 62.1 27.6 54.3 52.7 22.2 52.3 39.4 28.1 41.5 40.6 33.2 32.9 21.9 44.9 48.4 44.3 48.9 53.6 62.9 44.8 17.9 39.3 37.2 66.8 62.4 34.2 80.4 46.4 35.8 59.8 47.1 9.3 36.3 38.0 16.1 
69.6 4.6 17.0 31.6 0.0 47.5 49.0 63.8 81.5 11.7 54.0 52.8 41.2 32.4 69.4 11.5 47.6 42.4 41.3 77.5 66.8 71.4 75.6 55.0 66.9 46.3 67.2 38.3 49.2 84.8 62.4 99.0 18.0 62.5 59.1 41.3 21.0 7.6 55.5 36.5 
44.8 48.3 44.4 65.1 50.7 0.0 59.9 47.7 108.7 58.0 31.2 97.6 46.6 20.9 97.9 36.0 49.8 83.0 88.8 102.4 106.4 75.0 76.6 14.9 106.9 78.6 84.9 85.6 7.5 84.4 81.9 87.9 39.9 97.1 28.9 19.4 53.5 43.4 56.9 76.7 
43.2 52.3 36.7 28.6 49.9 62.5 0.0 31.4 50.3 47.0 36.9 63.2 13.2 40.5 41.1 46.7 11.4 44.7 72.5 43.5 59.8 22.5 26.9 54.0 60.7 30.3 25.0 64.6 66.6 36.0 22.3 52.9 62.4 45.8 44.8 40.7 29.6 54.2 11.4 40.8 
8.2 67.0 52.4 55.8 66.9 50.7 32.7 0.0 78.5 67.3 16.4 93.0 26.2 37.8 71.1 56.0 21.8 74.6 97.6 71.2 91.2 32.5 32.1 35.3 92.1 61.5 51.1 90.8 55.2 38.3 50.7 40.4 70.1 77.1 21.0 31.1 51.7 65.8 20.7 69.8 
88.5 85.2 76.4 55.2 86.0 113.2 55.2 82.2 0.0 72.7 87.0 54.5 62.8 88.1 12.1 85.6 61.7 45.4 78.6 7.3 34.6 49.4 52.8 104.2 35.7 35.2 27.4 70.2 114.8 55.4 28.1 77.2 99.2 23.5 94.9 90.2 61.7 88.9 58.2 48.6 
74.5 16.1 22.4 23.9 14.3 60.8 49.7 70.5 76.6 0.0 60.0 41.1 42.3 40.8 60.6 22.2 48.4 31.2 32.1 69.3 55.5 69.4 73.9 63.9 55.6 37.5 61.6 27.7 60.3 83.0 56.4 99.2 29.0 52.4 66.0 49.2 17.4 18.9 55.5 25.6 
17.9 54.8 39.4 55.4 54.9 34.0 39.6 18.7 90.3 61.8 0.0 91.7 26.1 23.8 78.0 44.4 25.4 74.1 91.8 80.1 93.9 45.9 46.7 19.5 94.7 63.9 60.6 85.9 38.8 53.8 58.9 56.8 56.9 81.3 8.0 15.6 47.0 54.4 29.6 68.5 
103.1 58.4 61.3 40.0 56.2 101.8 64.8 97.7 56.6 41.6 93.3 0.0 67.2 78.3 45.5 62.9 71.2 18.5 26.5 55.5 22.3 79.8 84.7 101.0 21.6 34.1 60.9 20.1 100.8 92.0 56.4 112.9 69.2 31.4 99.2 85.3 45.5 59.7 74.6 23.3 
36.5 41.9 26.2 30.8 43.1 49.2 14.9 28.1 66.4 44.2 27.6 71.4 0.0 27.4 52.8 36.4 6.3 49.0 71.5 56.2 67.9 32.3 35.7 41.4 68.7 37.8 38.2 64.5 53.3 44.8 35.3 57.8 52.1 55.3 34.1 27.5 25.8 45.1 14.6 43.9 
42.4 32.1 25.4 42.4 34.6 25.0 41.3 39.8 91.1 41.4 24.7 82.8 29.6 0.0 77.2 21.6 31.8 62.8 72.9 82.0 85.8 58.4 61.0 23.1 86.4 57.6 65.3 68.4 26.6 69.6 61.9 77.6 33.1 76.2 27.3 9.0 33.2 31.3 39.9 56.6 
82.4 72.8 64.5 43.8 72.3 100.5 44.8 72.0 13.5 61.1 80.7 48.4 55.4 80.5 0.0 73.7 52.6 34.2 68.1 10.0 28.6 45.1 49.2 94.3 29.8 23.1 22.1 59.5 103.8 53.7 20.6 75.9 87.1 14.2 86.0 79.8 49.7 76.8 50.4 36.9 
60.6 9.7 11.7 33.4 15.3 36.7 48.9 60.8 86.7 22.9 47.0 67.4 40.3 24.4 77.2 0.0 42.6 50.5 52.8 80.8 75.0 68.4 72.1 43.7 75.2 51.2 68.0 49.6 38.1 81.3 63.5 93.3 15.7 68.8 48.8 30.6 23.9 9.9 51.1 44.3 
31.1 50.9 32.7 35.9 47.7 51.5 12.6 22.4 62.4 50.5 28.5 73.1 8.9 34.2 55.9 45.2 0.0 52.8 77.0 54.8 70.1 26.7 29.8 42.8 70.9 40.1 35.8 69.8 56.8 38.8 33.6 51.4 58.2 56.6 33.4 30.4 31.6 51.4 8.5 48.1 
82.8 47.6 44.7 26.2 44.8 84.9 46.3 79.0 47.6 34.9 76.0 22.1 53.9 67.5 34.2 50.7 53.6 0.0 34.3 44.1 24.4 62.0 66.9 84.7 24.7 16.6 44.8 25.6 87.1 74.6 40.0 95.0 60.2 22.6 81.7 68.9 29.6 50.0 56.0 6.3 
102.7 46.7 56.6 45.2 44.1 90.8 74.7 97.7 81.1 33.2 93.6 27.1 75.8 75.1 70.6 56.2 78.4 37.6 0.0 78.1 48.7 93.0 97.9 95.9 48.1 50.0 78.5 8.7 90.1 106.3 73.4 125.2 53.1 55.0 98.1 81.3 45.9 46.0 82.8 34.2 
79.7 78.7 73.4 52.9 78.9 103.6 47.0 75.9 8.7 73.7 81.9 60.2 57.9 86.4 11.4 83.1 56.9 47.0 80.5 0.0 37.4 42.1 45.7 97.5 38.6 31.8 20.1 69.5 108.7 48.6 21.1 70.5 94.8 24.0 87.9 83.7 57.1 84.7 51.1 46.4 
99.4 72.5 68.4 47.7 70.9 108.1 63.7 92.2 39.4 59.4 96.1 24.9 71.5 87.1 30.2 76.6 71.4 24.5 50.6 40.7 0.0 70.8 75.4 106.7 1.1 30.0 48.8 41.5 110.9 81.1 45.6 103.1 84.5 15.5 101.8 91.1 53.0 74.3 70.9 30.6 
44.4 76.0 60.8 53.3 73.7 77.4 24.3 32.6 53.9 73.7 46.9 82.2 33.7 59.3 48.5 69.8 27.6 66.1 94.5 46.4 73.2 0.0 4.9 65.4 71.9 45.6 22.9 84.7 82.3 13.6 25.2 33.1 84.1 55.3 52.5 55.8 52.1 76.5 18.5 59.6 
43.2 75.7 64.8 57.0 76.6 77.8 29.9 35.9 57.1 78.9 50.7 87.7 37.6 65.9 52.2 76.5 32.2 67.9 100.6 49.3 75.6 5.3 0.0 66.2 76.5 50.6 27.1 89.6 84.0 9.2 29.8 28.2 87.7 59.9 52.8 57.6 56.5 80.3 21.3 64.5 
33.5 55.4 44.5 65.6 56.8 19.5 54.9 39.8 105.9 66.3 23.2 103.9 45.1 24.4 96.4 48.7 44.6 87.3 96.1 97.8 109.2 67.8 67.4 0.0 107.4 77.4 78.6 91.5 21.6 73.3 76.4 74.5 51.4 95.7 14.8 15.7 55.4 52.6 48.4 78.6 
103.2 71.2 71.8 49.3 70.2 107.9 65.3 93.4 40.1 56.6 95.5 25.7 71.3 91.3 32.1 77.2 73.3 25.7 50.9 41.1 4.2 73.0 78.0 109.2 0.0 30.9 50.0 41.0 111.3 82.3 46.7 104.2 84.6 16.7 102.6 91.7 53.5 74.5 71.8 30.9 
72.6 51.2 44.5 18.0 48.8 78.9 31.7 66.3 38.4 37.7 65.3 36.7 38.3 59.9 27.5 54.0 43.5 19.9 50.2 33.3 32.7 50.1 51.2 78.6 32.1 0.0 28.5 41.3 83.8 58.1 23.5 78.7 64.0 18.5 71.8 62.0 27.2 53.8 41.7 16.0 
62.0 72.9 58.4 43.3 68.5 86.8 26.4 53.5 32.1 65.0 62.3 65.6 39.7 65.4 25.5 69.6 38.6 46.2 79.9 22.2 49.2 24.8 28.7 81.2 52.3 32.0 0.0 69.8 91.6 32.2 5.2 54.2 83.2 33.3 68.2 65.7 46.2 73.8 31.2 44.3 
100.5 44.7 49.7 40.8 42.3 90.2 69.1 92.9 72.5 31.7 86.9 21.3 67.9 72.7 63.9 51.1 72.3 27.6 11.3 71.0 45.8 86.0 93.3 91.7 42.6 42.6 70.4 0.0 87.6 97.9 64.8 117.1 52.5 46.6 92.6 76.5 39.3 44.1 75.2 25.5 
51.8 51.4 47.8 71.1 50.8 8.5 68.6 56.5 118.4 61.9 40.3 102.5 54.1 30.6 105.3 40.2 58.8 88.2 92.6 109.9 113.9 86.9 84.2 25.0 112.2 85.4 95.3 92.5 0.0 91.9 88.4 95.3 38.9 102.3 36.1 26.5 57.8 44.1 64.1 80.7 
49.8 86.0 74.8 65.2 88.9 85.0 40.2 39.3 60.1 84.1 57.1 94.1 45.7 72.7 54.7 83.7 43.6 77.0 106.5 50.1 83.5 14.0 11.9 77.9 84.6 59.0 35.5 99.1 96.4 0.0 35.9 22.1 97.0 65.5 59.3 65.8 65.7 89.6 30.3 72.6 
63.6 64.3 55.5 37.0 64.6 84.4 24.6 55.5 28.3 57.9 60.3 60.1 39.7 62.9 24.3 65.1 38.4 43.0 76.5 22.7 46.9 29.5 32.5 79.9 50.3 24.9 7.1 69.6 90.4 38.4 0.0 57.6 78.5 30.0 66.7 62.9 41.3 69.0 30.2 39.2 
47.3 101.3 88.7 81.6 101.7 90.7 57.7 41.8 79.9 100.7 61.1 113.0 61.9 79.0 76.3 98.0 52.2 97.7 127.3 73.2 104.8 36.1 30.6 78.2 108.6 79.3 58.8 120.1 95.3 23.4 61.3 0.0 108.4 87.5 59.6 71.5 81.9 102.6 43.7 92.4 
72.1 18.1 30.0 49.8 20.8 41.9 63.2 70.2 104.0 33.8 59.0 73.6 56.9 37.0 87.3 16.5 58.2 62.5 53.4 99.0 89.2 86.9 88.8 53.1 89.5 67.0 88.0 56.0 39.7 100.1 78.6 108.5 0.0 80.5 59.9 41.7 37.7 10.3 66.7 54.4 
88.6 68.7 60.0 36.4 64.3 101.9 48.8 80.0 27.4 52.9 85.6 35.1 57.2 80.3 14.6 72.5 59.4 23.7 55.7 25.8 20.4 55.8 62.0 99.3 19.7 22.4 35.8 50.3 106.0 68.0 34.5 89.7 83.3 0.0 89.3 80.4 45.2 70.2 56.5 26.9 
18.3 61.5 45.3 61.7 62.7 30.0 49.5 25.2 97.1 68.9 11.5 103.1 38.6 31.3 88.3 51.5 35.7 82.6 100.4 91.6 106.2 56.6 56.0 16.7 104.0 72.4 71.6 96.3 38.3 59.6 66.8 63.2 62.4 92.3 0.0 18.3 54.1 58.6 37.1 76.0 
33.6 39.9 32.1 49.3 43.7 20.0 40.9 31.2 91.4 51.2 19.3 89.4 29.6 12.5 82.4 34.1 34.8 72.9 81.5 88.1 94.6 57.7 59.1 19.5 93.3 65.6 66.0 78.7 30.7 66.4 65.4 75.3 45.2 84.0 22.6 0.0 39.7 40.3 37.5 62.8 
58.6 23.4 17.5 10.4 24.5 56.1 32.9 53.1 65.2 21.0 50.4 46.6 26.4 35.5 52.0 27.0 36.5 34.5 46.0 57.7 55.3 52.6 56.8 59.1 57.3 30.8 50.9 41.1 62.4 68.3 42.8 82.9 39.5 47.0 58.0 40.1 0.0 27.8 38.3 23.3 
71.5 8.8 23.0 40.8 8.7 44.3 56.8 68.0 91.0 19.9 55.8 64.0 45.4 31.6 78.5 9.9 53.8 51.1 47.1 89.4 76.1 79.0 82.8 56.7 78.0 55.3 75.1 46.0 48.1 92.6 73.5 106.0 12.6 71.7 61.8 41.1 29.0 0.0 59.7 44.1 
28.9 59.2 44.6 38.3 56.8 60.7 13.7 22.1 61.5 57.2 33.8 78.3 16.1 40.7 55.3 51.5 8.5 57.8 85.2 52.1 75.5 22.8 25.0 51.1 75.0 43.6 33.6 78.6 65.5 33.7 30.5 44.1 68.0 58.4 41.4 41.2 41.0 64.2 0.0 52.0 
78.0 38.9 38.2 18.6 37.2 78.3 45.0 73.4 50.5 26.8 71.3 23.5 44.7 61.0 37.2 46.4 50.5 8.8 34.8 49.4 35.2 60.8 67.1 80.7 31.2 16.1 47.4 27.9 82.0 75.9 39.6 94.1 58.3 29.2 76.9 65.4 27.1 46.6 56.8 0.0 
