60
0,43 0
0,1205 0
7,62 22
400,428 1
504,524 47
91,136 96
275,354 52
595,632 16
458,507 32
535,565 93
391,425 6
810,859 20
138,161 72
579,611 99
384,410 70
48,65 36
164,233 16
835,882 4
176,214 76
338,352 18
246,258 39
599,642 90
249,289 97
42,92 65
40,107 95
259,311 87
95,115 98
648,717 59
516,533 4
523,553 7
206,234 79
365,397 93
642,695 57
1100,1129 33
9,79 8
435,488 30
789,819 64
725,774 67
490,519 43
696,704 7
771,776 60
532,558 78
459,495 100
444,469 32
216,274 27
478,535 61
929,960 16
719,738 84
158,188 66
1001,1045 75
816,873 18
424,441 88
383,432 48
385,410 26
1051,1104 61
189,215 88
609,646 48
539,613 54
222,267 86
63,90 4
0.0 48.9 43.5 51.6 93.6 45.8 13.4 53.4 16.0 47.9 93.8 41.7 20.6 50.1 31.5 58.9 92.7 51.4 57.8 98.2 43.0 101.7 25.0 31.3 74.8 25.9 50.1 42.3 32.3 79.6 60.7 32.0 96.5 19.1 65.1 82.4 68.0 50.0 36.6 65.6 21.1 62.4 69.0 86.6 42.9 44.9 68.5 32.8 46.1 88.5 55.2 45.7 54.3 85.2 59.9 32.0 29.4 95.2 20.3 23.1 
52.6 0.0 10.0 80.7 67.6 44.6 36.3 15.4 43.7 12.8 45.4 52.1 49.4 10.0 41.6 47.5 46.3 52.3 44.4 69.1 54.7 76.3 41.1 35.6 49.2 62.4 12.8 21.4 21.2 58.0 23.4 25.5 59.0 31.7 16.6 33.6 19.1 23.7 13.4 24.3 31.0 13.7 25.5 67.4 19.2 37.2 25.4 46.3 59.8 40.2 21.9 11.7 13.8 40.7 52.3 47.4 46.1 67.6 42.2 26.2 
45.5 12.7 0.0 81.4 77.0 34.6 32.2 11.1 35.8 20.8 50.5 55.0 40.8 19.1 43.1 54.2 49.2 57.0 51.4 78.9 44.6 85.8 41.1 37.4 58.2 60.7 7.4 11.5 12.5 66.8 33.1 16.1 69.0 28.8 25.4 41.1 26.3 15.3 14.2 23.1 23.6 20.2 35.5 76.1 9.3 27.2 35.5 47.9 62.6 48.6 30.9 18.8 23.4 50.4 58.6 37.7 36.6 77.2 41.1 22.8 
55.4 81.6 83.8 0.0 83.7 96.4 53.3 92.5 67.3 71.4 123.5 31.1 72.2 75.2 39.2 52.0 126.5 38.7 53.7 90.5 94.6 88.9 40.2 45.1 72.0 25.6 88.8 86.1 75.3 70.3 76.4 77.6 99.1 53.9 91.7 107.7 96.9 93.7 68.0 104.1 67.5 93.2 87.1 71.9 85.7 93.9 86.3 34.5 25.0 110.2 71.2 70.8 76.7 99.9 48.1 83.5 80.9 86.5 40.8 59.7 
94.4 68.8 77.8 87.4 0.0 111.2 81.8 81.9 99.2 56.5 79.5 58.8 106.3 57.9 63.3 35.8 88.7 47.7 36.1 7.0 119.3 8.8 69.3 62.2 19.4 85.9 80.1 88.5 84.2 14.4 44.2 89.1 24.5 76.4 60.7 63.6 65.7 91.3 67.8 85.4 88.1 67.9 46.6 12.7 86.4 104.2 46.0 64.1 60.9 58.8 46.2 58.8 53.8 43.4 37.3 109.7 107.6 3.1 74.1 76.1 
48.1 49.5 39.3 97.2 111.6 0.0 43.8 34.2 30.0 54.6 73.1 77.9 28.0 53.5 65.2 84.7 67.1 83.8 82.2 113.3 13.2 120.0 60.3 61.0 92.0 71.2 33.9 23.1 27.7 100.1 67.6 23.1 103.5 45.3 57.8 70.1 56.5 23.7 44.0 40.8 29.9 50.9 69.7 109.2 25.4 7.6 69.8 69.0 84.7 78.6 64.9 52.3 58.0 83.7 88.2 16.0 17.8 111.5 57.4 41.3 
14.7 39.2 35.8 56.0 85.9 45.0 0.0 42.9 18.8 34.4 81.6 35.2 25.8 36.8 23.0 48.4 81.3 43.1 46.9 86.1 45.0 90.2 17.1 20.8 62.7 29.6 39.3 33.7 22.9 68.2 47.3 24.4 83.5 5.7 52.1 69.5 55.4 41.5 23.4 55.1 14.2 49.9 55.6 75.9 33.7 40.7 55.1 26.0 41.3 75.3 41.9 32.3 40.9 71.7 50.2 33.6 31.0 83.2 13.6 10.0 
54.0 19.2 15.6 93.4 82.1 35.8 43.0 0.0 43.7 28.3 42.3 65.7 47.6 25.4 54.1 62.9 39.5 67.0 59.9 82.9 46.3 90.6 52.3 48.3 64.0 71.8 3.7 13.5 21.2 73.1 37.8 22.9 70.7 39.8 24.0 36.2 22.2 10.6 24.9 12.2 32.6 16.8 37.0 82.6 11.8 26.6 37.3 58.9 73.3 44.5 37.1 27.0 28.6 49.8 67.6 41.9 41.4 81.7 52.2 33.8 
19.1 44.4 40.6 67.9 100.8 34.5 20.2 46.6 0.0 47.0 85.8 53.7 7.1 48.1 41.7 66.9 83.1 62.0 65.1 103.0 27.4 107.7 35.7 39.5 79.8 41.8 40.9 30.8 23.2 86.0 60.9 20.7 98.2 23.2 60.3 76.8 62.0 37.8 34.3 55.2 12.8 56.0 67.4 94.0 32.1 29.8 67.1 44.5 59.3 83.9 56.2 44.5 52.8 83.4 68.9 16.1 13.5 100.3 31.6 23.1 
50.7 13.3 24.4 72.0 58.1 57.3 39.0 30.5 49.3 0.0 52.2 41.4 53.6 3.8 32.4 34.6 55.2 40.1 31.6 58.9 63.2 65.3 33.6 26.7 37.5 56.0 25.5 32.1 28.0 45.9 14.0 32.9 51.4 28.8 20.4 37.3 25.5 35.9 12.6 36.6 34.4 22.2 21.1 55.3 30.0 47.6 20.6 37.0 48.9 41.8 10.3 2.5 6.5 37.3 39.5 54.4 52.6 56.9 36.0 25.1 
97.1 47.8 54.3 127.3 79.6 77.3 81.7 46.1 87.4 53.3 0.0 92.9 89.9 48.5 84.7 79.4 10.8 89.3 76.5 76.8 86.2 86.3 85.5 78.9 68.9 107.5 44.9 55.8 62.7 77.9 48.9 65.2 58.1 77.1 31.8 17.2 26.9 50.7 58.8 32.4 74.0 31.7 39.1 86.4 54.1 66.2 40.0 89.2 100.2 20.7 53.2 53.1 46.8 36.1 84.9 83.7 83.5 77.7 87.2 71.6 
46.7 55.6 55.7 35.9 61.3 79.9 38.0 65.8 54.1 44.4 94.5 0.0 60.3 45.2 12.8 23.5 96.7 11.3 24.3 64.9 80.2 65.8 18.0 17.7 43.6 27.1 62.1 62.3 52.3 44.4 45.3 55.9 70.2 32.6 61.3 76.8 66.8 69.1 40.8 76.3 48.1 63.6 56.0 49.1 61.2 73.6 55.2 9.1 7.6 79.1 40.2 41.2 46.2 68.9 21.6 68.9 66.2 61.2 22.0 36.9 
21.9 51.5 41.7 73.5 107.2 32.6 27.4 48.7 8.7 57.9 93.4 63.4 0.0 54.5 48.6 74.0 86.5 68.9 72.3 110.1 22.5 114.9 42.5 46.6 86.9 46.5 45.1 34.2 28.3 93.2 67.6 24.9 104.9 30.4 65.9 81.9 67.1 40.4 40.9 58.5 19.1 61.1 73.6 101.2 35.8 29.7 73.4 51.2 65.7 89.3 63.0 51.1 59.2 89.6 76.0 12.3 10.1 107.4 38.2 30.2 
51.1 11.1 21.1 79.8 58.0 56.3 37.3 29.4 48.8 7.4 48.6 47.1 55.1 0.0 36.2 37.9 51.4 43.8 34.8 59.8 62.7 66.7 37.1 30.4 39.2 59.4 22.9 30.6 27.9 47.9 14.1 32.7 51.1 31.4 16.8 33.9 21.7 33.7 13.9 33.1 35.4 18.3 19.2 57.4 28.5 46.3 18.9 40.7 52.8 38.8 11.8 4.8 4.7 35.4 42.9 54.5 52.8 58.1 39.3 27.1 
32.3 46.5 46.7 43.6 66.3 65.8 27.4 58.3 45.3 35.5 87.0 15.7 53.0 39.3 0.0 27.8 87.3 20.3 27.1 68.6 67.7 71.1 6.4 5.9 45.7 25.5 50.4 49.8 39.6 49.0 39.8 43.1 70.3 19.9 52.9 69.4 57.9 56.8 29.2 65.3 35.4 54.0 50.2 55.5 48.8 60.8 49.5 4.7 19.9 72.9 34.1 31.6 38.2 64.8 28.4 56.5 53.9 65.3 11.2 24.1 
62.1 49.9 59.1 55.8 40.1 88.1 50.8 63.6 67.0 34.8 82.1 24.9 78.0 38.6 29.8 0.0 85.4 13.3 3.1 41.6 90.3 43.3 34.1 27.8 20.2 50.2 59.9 64.4 57.0 21.4 30.7 61.6 47.2 43.6 50.1 62.3 56.0 69.6 41.2 70.9 57.5 54.9 40.3 27.7 62.7 78.7 39.5 28.3 27.2 62.4 27.7 35.9 36.3 49.8 5.4 79.7 77.3 38.0 38.9 45.0 
94.9 48.2 52.3 130.7 92.0 71.1 84.4 43.4 87.0 59.9 14.7 100.5 86.8 54.0 88.2 87.9 0.0 94.2 82.3 86.5 80.3 95.8 87.3 81.4 76.7 108.7 42.7 52.3 60.7 86.0 54.6 62.4 68.2 77.4 35.7 25.1 29.9 46.2 59.7 28.0 72.2 33.2 45.8 94.8 51.0 60.6 46.6 92.0 104.1 30.7 58.1 55.7 50.7 45.5 90.8 79.0 79.1 87.1 88.5 71.6 
53.6 53.5 58.9 40.6 51.0 87.5 45.3 68.6 64.4 45.0 90.4 11.8 72.8 47.6 25.0 17.8 97.1 0.0 15.0 53.9 87.5 54.5 26.6 23.0 33.5 38.4 63.6 65.8 56.8 33.4 40.4 61.0 60.6 39.5 58.4 72.5 64.2 72.0 42.9 76.5 54.7 62.0 50.8 37.8 64.5 78.6 50.0 18.7 13.9 73.6 36.1 40.6 43.6 62.0 10.4 76.3 73.8 50.2 31.2 42.5 
61.3 45.7 54.9 54.8 37.2 84.7 51.4 61.7 66.4 33.3 78.0 29.0 73.6 39.1 29.6 4.3 85.7 20.0 0.0 41.6 88.1 44.0 33.2 26.4 19.3 50.5 56.9 61.7 54.5 21.8 27.7 59.1 45.9 41.9 47.0 59.4 52.9 66.7 38.6 67.8 55.4 51.8 37.4 29.0 60.0 76.1 36.5 28.1 28.8 59.6 24.6 32.9 33.2 47.3 8.4 77.6 75.2 38.1 38.0 42.9 
100.7 73.4 83.5 91.6 11.2 116.1 90.0 84.2 107.9 62.1 78.0 67.8 112.6 61.9 72.1 46.0 89.3 58.2 45.5 0.0 122.0 9.5 74.5 67.1 23.4 91.8 81.4 90.4 86.8 20.5 45.7 91.8 19.7 80.6 60.6 61.6 65.3 92.6 70.7 85.4 91.5 68.1 46.5 19.7 88.2 106.2 46.1 69.7 67.3 56.1 48.5 61.3 55.4 40.9 43.5 112.9 110.8 3.9 79.2 79.8 
46.4 56.5 47.9 98.4 120.5 15.1 47.7 47.0 31.6 64.0 87.2 80.3 25.6 62.9 67.7 94.2 82.7 89.3 89.6 124.1 0.0 128.1 62.1 64.5 99.9 68.9 45.4 33.9 35.2 107.3 76.9 30.2 113.6 48.0 69.2 82.5 68.4 36.1 51.4 53.8 32.9 62.7 80.2 116.1 36.1 20.0 80.2 71.0 86.3 90.9 73.5 60.8 67.4 94.9 93.2 11.3 14.0 119.9 58.5 45.4 
105.2 76.5 89.8 92.6 11.0 121.2 90.7 94.9 108.1 67.0 90.4 66.1 115.2 68.9 72.5 43.7 97.6 55.4 48.1 12.8 128.7 0.0 77.3 70.4 28.2 92.9 88.9 97.3 93.0 22.1 52.9 97.9 29.1 84.9 69.0 70.9 73.9 100.0 76.6 93.8 96.8 76.3 54.8 17.0 95.2 113.0 54.3 71.6 67.1 65.5 55.0 67.6 62.5 50.3 44.2 118.5 116.4 9.0 82.1 84.7 
27.7 42.5 46.0 42.2 73.4 63.4 19.1 56.4 37.2 37.2 88.4 18.4 43.5 39.7 8.9 38.7 91.1 30.9 36.9 78.4 66.8 80.4 0.0 8.0 51.3 22.4 48.6 46.5 35.9 55.1 42.8 38.9 75.2 15.0 53.9 71.0 58.6 53.8 27.9 63.9 30.3 54.2 52.9 61.8 45.8 56.3 52.2 8.9 24.4 75.1 37.1 32.4 39.8 68.1 34.8 50.8 48.1 71.2 4.8 20.1 
36.1 38.7 42.0 47.7 65.6 65.7 25.4 50.3 39.8 28.5 82.0 20.5 46.6 30.6 9.4 29.8 84.4 24.6 31.0 68.4 69.3 74.3 8.9 0.0 43.8 30.0 44.7 44.5 34.7 48.2 34.9 38.5 67.2 16.5 47.2 63.9 52.1 51.4 23.4 59.4 31.7 48.1 45.2 55.4 43.4 56.2 44.5 10.7 25.2 67.6 29.2 25.8 32.6 60.2 29.4 53.4 50.8 63.9 12.3 19.6 
78.6 50.6 61.9 73.8 23.9 94.4 65.3 68.3 84.5 42.4 70.1 47.3 87.4 40.9 48.1 21.6 77.5 33.5 20.4 27.1 100.0 30.7 54.7 44.6 0.0 69.7 62.0 69.6 64.8 9.4 26.3 69.8 27.1 57.2 44.8 51.9 50.4 72.9 48.4 69.0 68.6 51.5 31.5 18.8 67.5 85.2 30.7 47.2 47.4 49.4 27.3 39.7 35.5 34.7 23.9 90.3 88.2 20.5 56.0 56.7 
28.5 66.4 63.7 27.1 89.6 73.6 32.6 72.9 46.6 59.4 111.9 29.2 50.4 63.2 26.9 51.5 109.8 39.0 55.3 93.4 72.3 93.0 26.4 34.7 70.9 0.0 68.1 63.4 52.5 71.4 65.0 54.0 95.4 31.9 76.1 93.3 80.6 71.1 48.9 83.8 43.3 75.9 75.2 76.2 63.3 69.4 74.5 22.6 27.4 97.5 59.2 54.6 62.2 90.2 48.7 57.9 55.3 88.2 20.2 37.9 
50.6 17.3 11.0 89.3 82.9 34.5 42.5 4.3 41.2 26.8 45.9 62.3 48.1 24.0 54.3 62.8 45.6 67.6 60.2 82.6 46.5 93.1 52.6 47.1 65.9 72.7 0.0 11.7 18.0 70.8 35.9 20.3 70.0 36.2 23.9 37.5 23.1 11.2 21.3 15.8 29.5 17.2 36.1 80.3 9.7 26.3 36.3 55.2 69.8 45.6 34.8 24.0 26.5 49.7 64.6 40.2 39.5 80.1 48.5 30.1 
47.1 25.0 15.7 89.9 91.4 26.6 36.2 14.1 31.4 36.3 57.4 64.6 37.6 33.2 51.7 66.5 53.0 70.1 61.8 94.7 38.6 101.1 49.6 46.8 73.0 66.9 13.6 0.0 10.8 78.0 44.6 10.4 80.3 32.2 35.3 49.3 34.8 7.7 23.2 24.3 21.2 28.9 46.6 87.3 2.2 15.7 46.6 54.3 69.7 57.4 42.3 30.0 34.9 60.9 68.5 28.5 27.9 88.7 45.3 26.5 
37.3 25.6 13.3 78.9 88.3 29.7 22.9 23.3 27.9 28.7 63.0 54.4 31.9 29.0 42.5 57.5 65.0 58.2 57.1 89.8 38.3 95.5 36.7 37.8 69.2 57.5 19.9 11.8 0.0 72.6 41.9 4.9 79.0 21.4 37.6 53.6 38.8 18.6 16.4 33.2 11.4 32.8 46.3 81.6 10.8 21.8 46.1 44.0 59.6 61.0 38.3 25.6 32.6 61.9 60.6 26.6 25.0 84.8 34.5 15.8 
83.1 59.5 70.8 73.2 15.3 104.6 69.2 73.4 88.8 48.7 80.9 46.6 95.4 52.1 49.3 23.7 90.5 34.7 26.0 24.1 112.3 27.0 58.5 53.0 10.2 75.4 73.3 81.1 76.6 0.0 35.5 77.4 31.1 63.0 54.2 61.0 59.8 81.6 56.1 78.3 75.4 60.8 40.9 9.5 76.0 93.4 40.2 49.7 46.8 58.1 36.0 48.0 44.4 43.0 23.0 97.4 95.2 16.7 59.9 63.1 
62.3 26.3 34.8 80.5 47.0 72.3 51.0 38.1 65.6 16.0 49.5 45.4 71.7 14.6 44.6 32.6 54.7 42.1 30.2 49.6 78.3 53.3 45.7 39.6 27.8 69.2 37.5 45.9 42.3 38.1 0.0 46.7 37.3 41.5 19.6 32.0 25.6 47.0 26.7 42.8 48.4 25.5 10.6 45.0 42.4 60.4 9.8 43.6 52.1 33.7 5.7 16.5 9.6 25.3 36.2 68.4 66.6 44.2 46.2 38.6 
35.9 29.9 17.4 78.1 92.8 23.1 29.2 23.2 23.3 37.6 66.5 56.9 28.7 32.8 47.5 65.3 64.8 61.6 63.5 95.4 32.8 99.1 41.6 42.8 71.9 55.1 23.6 12.3 7.8 81.4 47.4 0.0 83.7 24.0 41.5 57.1 42.3 17.9 21.3 34.5 11.0 36.3 50.8 86.4 11.3 17.7 50.7 47.3 63.0 64.7 43.2 30.5 37.4 66.2 65.1 21.9 20.5 89.7 37.0 19.0 
100.4 61.3 72.9 102.9 28.1 103.7 88.0 72.1 100.7 54.4 61.1 72.9 108.8 55.1 70.8 50.6 70.0 65.5 47.0 21.8 115.3 29.4 76.7 67.2 28.9 97.5 72.7 83.7 79.4 34.5 37.7 87.8 0.0 77.7 47.0 44.1 50.6 81.1 64.1 71.0 85.8 54.5 33.8 35.5 78.1 96.0 33.7 72.7 74.5 37.5 42.0 53.9 46.3 23.3 51.0 105.6 103.9 21.8 79.5 75.5 
20.5 33.9 32.4 54.8 77.3 48.0 9.9 42.0 27.5 30.7 81.5 32.9 30.8 35.5 24.1 47.2 80.5 44.1 46.1 82.6 51.3 89.5 17.3 16.9 58.8 33.0 36.9 32.9 22.5 67.6 42.0 27.0 79.1 0.0 47.0 64.5 50.6 39.8 18.4 51.9 15.5 45.4 49.9 70.8 31.8 41.3 49.4 23.7 39.4 70.1 36.1 26.7 35.4 66.1 45.8 36.8 34.3 77.8 13.0 6.0 
67.0 17.0 27.6 92.6 64.6 61.6 52.4 27.9 62.1 20.6 35.0 61.3 68.9 20.5 56.8 53.6 38.2 58.8 48.4 62.2 71.4 69.7 56.2 50.1 47.5 80.4 28.8 36.7 38.9 54.5 21.3 42.6 48.6 47.6 0.0 17.4 5.9 34.5 28.6 24.8 47.6 7.5 14.1 63.6 33.1 50.2 14.6 57.4 68.7 23.6 22.5 21.5 15.1 25.8 55.5 63.1 62.0 60.0 56.0 42.1 
86.4 37.9 43.0 109.0 67.7 72.9 73.2 39.5 81.2 39.9 17.4 80.3 86.1 35.9 70.4 64.3 29.6 75.1 62.4 62.3 86.2 71.0 73.2 68.0 53.6 94.0 38.6 51.9 56.3 62.2 37.0 59.6 45.7 66.0 21.5 0.0 14.8 46.4 46.1 30.8 64.3 20.8 22.0 69.7 47.2 62.6 22.8 73.8 83.9 8.7 36.7 38.7 31.2 20.8 67.8 77.8 77.0 62.1 73.2 59.5 
68.9 21.4 28.2 101.2 69.6 60.4 58.8 26.1 64.2 29.9 27.9 69.0 69.9 23.0 62.0 60.5 34.8 67.6 55.8 67.8 71.1 74.0 61.9 53.2 54.6 84.4 26.5 35.4 39.7 63.0 30.3 47.0 53.2 52.3 9.4 19.4 0.0 32.8 32.2 20.3 49.5 6.0 19.2 69.2 32.7 48.9 19.8 62.5 74.2 22.5 28.4 26.3 20.7 28.3 61.4 63.2 62.3 64.9 60.3 45.3 
54.7 24.8 20.0 97.8 95.6 28.2 44.7 14.5 38.9 38.2 52.0 72.2 41.9 34.1 58.5 70.3 48.0 75.3 70.1 96.3 41.0 104.3 57.3 53.7 73.1 73.7 12.0 10.4 20.6 85.1 52.0 21.8 84.1 43.9 37.2 50.5 37.7 0.0 29.0 18.4 28.9 27.4 47.3 91.1 8.0 16.2 47.5 61.4 76.6 54.9 45.6 34.1 37.5 60.4 74.0 32.9 32.9 91.2 52.8 34.0 
38.2 18.2 15.6 68.8 69.7 48.2 23.6 28.1 38.8 14.5 61.6 43.8 44.1 16.1 31.5 42.5 62.6 46.0 41.1 70.7 51.7 79.5 30.1 24.3 51.1 53.6 22.5 26.6 18.2 56.6 28.9 21.9 67.5 22.2 31.0 46.8 36.3 29.4 0.0 36.1 21.7 27.1 33.2 65.1 21.6 37.6 32.8 34.0 48.4 51.9 22.4 10.1 18.5 49.4 45.3 42.1 40.2 68.5 28.7 13.5 
68.9 25.6 27.6 107.7 87.5 43.3 58.5 16.0 56.8 40.3 33.8 80.5 63.3 33.2 66.4 75.3 32.2 81.3 69.9 87.7 56.3 98.2 64.0 59.8 73.1 88.3 18.2 28.3 34.1 82.7 45.3 37.6 71.9 53.1 26.9 33.3 21.7 20.7 37.3 0.0 44.7 17.5 38.9 87.8 23.1 33.7 39.4 70.1 84.0 39.5 43.7 35.9 34.9 48.4 76.0 51.4 51.3 84.8 64.1 45.9 
22.4 31.7 24.0 68.5 90.0 34.5 17.6 33.8 16.2 37.3 77.0 51.4 22.3 36.7 35.4 60.7 74.8 58.7 58.6 93.7 36.9 101.3 30.9 34.7 69.5 46.8 32.1 21.3 11.4 79.3 50.6 15.3 87.1 18.5 49.9 66.1 54.4 31.0 24.0 49.3 0.0 43.6 54.6 83.9 21.8 26.5 54.3 39.1 54.8 71.2 43.9 31.9 40.1 70.6 60.3 22.1 19.8 89.1 27.6 12.5 
66.6 15.4 23.4 93.8 70.0 54.5 53.4 21.3 59.2 23.7 36.6 66.9 63.0 19.6 58.0 55.8 37.8 64.0 53.8 72.5 64.0 81.0 56.1 51.0 54.4 80.5 19.7 32.1 36.5 64.4 28.0 41.2 54.7 45.5 7.8 23.9 10.1 32.0 27.9 20.8 44.7 0.0 21.5 70.3 26.8 43.3 22.0 58.7 71.2 28.5 27.1 22.5 18.6 33.0 60.1 57.2 56.4 67.3 55.6 39.9 
73.4 27.0 38.0 91.8 47.5 72.3 56.6 40.2 68.8 24.8 42.6 58.3 74.9 23.6 55.2 43.9 47.3 55.6 39.7 46.7 84.8 56.7 56.8 50.0 34.3 77.2 38.2 47.1 46.3 40.9 13.4 54.3 35.9 53.6 18.7 26.0 24.2 52.3 37.1 40.8 54.8 23.7 0.0 50.1 44.3 62.2 0.8 54.2 62.8 23.0 16.1 23.3 14.7 16.2 45.8 72.8 71.3 45.8 56.0 46.2 
89.2 70.0 81.1 72.9 16.5 110.2 76.5 83.6 96.3 56.1 87.3 53.4 102.7 59.1 59.2 31.8 96.3 40.2 33.7 22.8 119.0 18.8 65.2 59.5 20.2 80.5 83.2 88.5 84.7 13.6 48.8 90.3 39.9 71.9 67.3 73.9 71.9 93.7 69.2 91.7 85.7 73.9 52.4 0.0 85.3 102.6 49.4 55.5 50.1 66.2 45.5 57.3 53.9 50.8 27.6 105.9 103.7 15.8 66.6 71.5 
44.7 21.2 12.3 89.5 91.2 30.2 33.7 16.3 36.1 31.4 57.5 65.3 36.6 28.5 52.5 66.1 51.4 65.8 62.6 92.7 39.2 98.6 48.0 45.0 71.3 64.0 11.0 6.1 15.2 77.5 45.6 12.5 79.9 36.4 37.2 50.7 34.7 9.4 22.4 27.5 24.7 31.3 46.8 87.9 0.0 17.9 44.4 53.4 68.7 55.3 40.2 28.0 32.8 58.7 66.9 30.5 29.8 86.6 44.8 25.9 
45.9 39.0 32.0 93.9 106.0 9.2 42.8 29.4 32.0 50.9 70.8 75.6 33.3 48.2 61.0 83.6 62.1 80.8 76.9 109.4 22.8 113.8 61.1 58.4 86.9 74.1 30.9 20.4 22.9 98.1 60.6 21.8 97.9 41.6 52.4 67.5 50.7 18.8 39.7 36.2 27.0 45.3 62.4 102.7 22.3 0.0 62.3 64.9 80.6 71.1 57.9 45.4 50.7 76.1 82.5 19.2 20.2 104.4 54.0 36.6 
73.2 25.9 39.7 90.2 47.4 74.2 57.1 37.3 70.2 22.8 41.1 59.3 78.1 22.9 53.9 39.8 48.5 54.0 40.7 47.1 85.1 57.5 53.6 46.2 32.8 75.4 36.3 50.5 51.0 40.2 13.7 50.9 35.8 51.9 15.4 22.9 22.9 49.6 35.3 42.0 59.1 25.3 2.3 50.6 48.3 67.1 0.0 53.4 61.9 23.8 15.4 22.9 14.3 16.6 44.9 72.7 71.2 45.3 55.4 45.8 
37.3 50.2 48.5 35.0 65.6 73.6 27.0 61.9 47.9 41.5 90.0 11.1 54.6 43.5 5.0 33.2 94.5 21.6 31.5 70.4 73.8 74.1 10.9 12.8 51.5 26.8 55.6 57.2 44.6 51.6 48.4 50.6 73.9 26.3 61.7 74.5 65.8 63.3 38.9 73.1 42.7 58.8 58.1 55.7 57.7 69.5 57.5 0.0 15.6 77.0 38.0 36.3 42.6 68.4 27.9 59.7 57.0 66.2 12.9 28.3 
46.8 59.9 63.3 25.4 65.0 89.5 42.3 76.0 61.5 52.9 101.0 10.9 68.0 56.7 22.2 27.7 107.7 14.2 31.2 68.9 89.5 68.1 28.2 29.5 51.8 32.3 72.5 70.3 63.9 50.2 56.6 65.1 77.2 42.8 72.0 86.6 76.7 78.3 48.5 84.3 56.6 76.0 65.4 53.8 72.0 81.9 64.9 17.7 0.0 85.8 47.2 48.8 53.6 75.0 23.9 74.9 72.2 63.5 27.8 44.0 
90.5 43.2 52.1 114.4 60.9 82.1 79.8 45.8 86.2 43.9 21.2 82.2 93.6 39.2 74.5 65.1 32.2 73.9 61.9 56.3 93.1 65.9 79.8 70.1 51.0 100.6 45.9 62.2 62.6 62.4 35.8 64.9 38.9 71.2 27.9 10.8 24.8 58.3 54.0 41.0 71.3 29.1 27.0 67.3 58.7 76.0 28.7 78.4 87.9 0.0 39.1 43.5 35.3 15.4 67.8 85.8 84.9 57.0 77.8 65.4 
55.2 25.3 34.8 73.2 46.3 69.1 43.7 40.3 59.1 13.5 56.4 42.9 66.0 12.6 36.2 28.4 59.8 41.1 28.8 51.0 76.1 56.8 41.4 33.9 29.0 63.9 39.1 44.8 41.5 36.8 5.7 43.3 43.4 40.9 26.8 39.8 28.9 49.7 24.6 43.8 44.3 29.7 20.0 46.4 44.3 60.1 19.8 39.6 48.1 42.8 0.0 12.7 8.8 31.0 33.0 64.5 62.7 46.6 40.5 33.5 
48.6 15.8 22.2 75.7 62.7 52.5 37.1 28.7 47.9 4.2 55.1 41.7 53.2 7.4 34.3 38.7 59.0 41.8 34.8 62.2 63.2 71.0 34.0 28.4 44.5 58.2 27.2 32.4 30.0 52.1 20.0 31.6 57.3 29.4 25.3 41.5 27.8 38.4 14.0 40.3 36.1 23.6 26.8 58.7 29.2 49.8 23.5 37.6 52.3 45.8 17.4 0.0 8.6 39.6 40.6 51.9 50.1 59.3 34.5 22.8 
58.9 16.6 26.3 80.1 56.3 61.2 42.4 33.4 55.1 6.6 48.5 46.3 63.9 8.6 42.0 38.1 51.7 46.1 35.0 55.9 72.3 66.9 44.2 33.7 37.4 63.4 26.7 35.3 36.8 46.8 11.6 37.9 50.4 39.8 18.9 31.6 24.2 42.2 22.1 34.9 43.3 19.0 15.7 56.0 34.2 54.0 17.6 45.8 57.4 35.6 12.0 10.2 0.0 30.9 41.5 59.3 57.6 53.8 42.4 31.5 
90.0 45.3 51.5 104.7 46.6 85.8 75.7 53.9 86.2 39.9 36.9 71.4 93.9 40.0 67.7 52.9 46.7 64.0 52.1 41.8 98.4 51.0 72.5 62.5 36.2 93.8 51.5 65.0 63.0 45.8 26.5 66.4 25.3 69.7 25.8 22.7 30.6 64.9 50.0 52.4 72.8 35.3 16.9 54.6 62.4 78.7 19.7 69.4 76.7 18.5 32.2 44.4 31.5 0.0 54.9 88.1 86.8 41.6 71.5 62.4 
63.7 53.4 62.9 50.3 38.1 92.8 52.2 70.5 70.3 41.1 86.6 23.3 78.0 46.0 29.8 9.0 91.8 10.5 10.5 47.2 95.9 44.5 39.4 31.2 27.2 48.9 66.3 71.0 62.4 25.7 38.5 69.6 55.1 47.2 56.8 72.7 66.1 74.4 46.3 76.6 62.6 62.7 48.4 29.9 69.4 85.5 45.3 32.8 24.3 70.4 33.3 42.0 42.6 56.1 0.0 82.4 79.9 39.8 39.6 47.8 
33.9 49.2 39.7 86.9 110.3 16.9 35.0 45.1 20.5 59.1 85.0 70.8 14.9 56.8 59.0 81.3 80.4 77.9 81.4 117.9 14.2 118.8 55.8 58.1 93.8 62.1 44.4 33.1 30.4 99.4 71.9 23.6 109.2 40.9 67.4 78.0 66.9 34.9 43.9 51.9 26.5 58.1 77.3 110.2 34.2 19.7 74.4 62.7 77.6 89.5 69.2 52.7 60.4 91.3 86.7 0.0 2.6 110.6 47.1 34.7 
30.4 48.3 38.8 82.2 108.3 20.5 36.0 45.6 16.4 56.5 85.7 69.4 13.8 57.5 55.2 77.8 79.2 78.1 78.6 113.5 16.0 118.6 48.9 54.8 92.9 56.4 43.7 30.8 29.5 99.0 71.4 21.3 104.3 35.6 63.3 77.7 62.9 37.7 41.0 54.5 20.0 59.4 75.7 105.9 30.5 20.3 71.7 59.3 73.0 86.0 62.8 51.0 60.2 89.5 80.7 4.9 0.0 108.5 44.4 32.3 
96.4 70.1 82.1 88.2 8.1 113.6 84.6 83.1 102.9 57.4 80.6 64.9 109.9 62.0 66.0 42.2 88.8 54.7 39.4 8.9 120.4 9.4 73.9 66.1 24.6 89.7 81.6 90.2 86.2 18.5 47.8 89.8 25.4 81.4 62.5 65.1 69.3 92.2 73.5 89.0 93.1 70.9 50.1 17.9 89.1 106.2 47.0 70.0 63.9 57.0 47.3 63.6 57.3 42.1 40.9 112.7 112.2 0.0 75.9 77.2 
22.2 45.0 46.0 45.2 75.3 58.0 17.0 54.9 35.9 37.2 91.9 24.3 38.7 42.2 14.5 41.8 89.8 33.5 40.0 84.1 60.3 82.5 7.0 16.8 56.5 23.8 50.1 48.9 36.1 64.1 47.3 37.7 79.8 13.5 58.9 77.1 64.2 54.5 31.9 68.0 29.7 59.2 60.4 68.6 49.6 57.6 57.0 14.6 28.8 82.4 41.5 38.1 47.2 72.9 41.8 47.7 45.6 78.0 0.0 18.8 
25.9 30.7 23.5 60.0 76.9 43.3 10.1 38.5 26.2 25.7 75.9 39.2 34.6 32.1 25.6 46.3 76.1 47.0 44.4 82.1 47.3 85.6 24.6 23.4 59.1 42.6 34.2 31.5 19.4 67.9 43.5 23.0 76.0 6.2 43.1 62.9 48.6 37.3 17.6 48.8 14.8 44.1 50.5 75.0 29.3 40.5 50.2 28.8 44.3 67.5 35.7 27.6 34.3 62.5 49.0 38.9 34.9 80.1 20.5 0.0 
